36942 0.821434054967 0.019225 0.82097343774 0.009475
52809 0.821126976816 0.020275 0.819284507907 0.0072
71238 0.813450023031 0.026325 0.813450023031 0.00855
53183 0.818516812529 0.02185 0.816367265469 0.00815
47988 0.826347305389 0.0194 0.825886688162 0.00805
36572 0.823583602027 0.020775 0.823583602027 0.00905
37300 0.819130968832 0.01915 0.818516812529 0.012
36565 0.827575617995 0.021775 0.826807922616 0.00885
32780 0.81774911715 0.020775 0.817442038999 0.00925
36288 0.818670351604 0.0199 0.817288499923 0.00995
37032 0.812375249501 0.021375 0.812221710425 0.01055
40928 0.821126976816 0.017125 0.821741133118 0.008575
33060 0.819745125134 0.019325 0.81882389068 0.008325
40225 0.81774911715 0.01685 0.817595578075 0.008775
49410 0.809150928911 0.02335 0.808690311684 0.0096
40505 0.816520804545 0.020925 0.817288499923 0.009275
48130 0.816981421772 0.020975 0.816060187318 0.009025
37329 0.823430062951 0.018925 0.823276523875 0.0094
53964 0.822815906648 0.02205 0.822815906648 0.0081
51213 0.82204821127 0.021575 0.822969445724 0.009075
50927 0.817442038999 0.021625 0.817134960848 0.008175
30815 0.81774911715 0.0151 0.818056195302 0.00765
43644 0.804851834792 0.01975 0.804698295716 0.00895
41242 0.81667434362 0.020675 0.816520804545 0.007875
47218 0.822815906648 0.01965 0.821894672194 0.009325
38013 0.812682327652 0.015125 0.812221710425 0.007575
48895 0.822201750345 0.0221 0.822815906648 0.00905
42948 0.823583602027 0.02305 0.823276523875 0.009925
31217 0.811300475971 0.019025 0.810839858744 0.009175
38212 0.817902656226 0.0216 0.817595578075 0.01025
