159421 0.765 0.1559 0.74 0.025225
147843 0.76 0.135225 0.8 0.01295
194050 0.745 0.1884 0.74 0.01765
125613 0.745 0.14505 0.73 0.014
153083 0.755 0.1535 0.74 0.017425
136008 0.78 0.14655 0.77 0.022225
141038 0.705 0.153825 0.675 0.00875
88079 0.775 0.105925 0.755 0.008475
209755 0.705 0.1581 0.675 0.005775
183478 0.79 0.204975 0.79 0.0181
325287 0.715 0.25035 0.75 0.034625
355712 0.75 0.2888 0.74 0.018975
354413 0.735 0.260725 0.72 0.01005
129195 0.735 0.130325 0.74 0.010025
247743 0.715 0.26805 0.73 0.024725
122543 0.745 0.143625 0.73 0.0231
247901 0.75 0.226525 0.695 0.013525
114936 0.715 0.11125 0.73 0.011975
81755 0.81 0.112875 0.79 0.027025
143402 0.79 0.147925 0.75 0.002625
382003 0.755 0.30415 0.77 0.024675
142731 0.71 0.159175 0.69 0.014325
119743 0.765 0.15135 0.785 0.02125
159310 0.73 0.174675 0.72 0.0136
91116 0.725 0.09685 0.71 0.00835
269173 0.77 0.227125 0.76 0.021575
198262 0.77 0.18905 0.75 0.0127
151514 0.805 0.156775 0.805 0.0045
100963 0.725 0.138025 0.73 0.010425
228535 0.71 0.2049 0.705 0.004325
