11038 0.67 0.012675 0.68 0.0164
29479 0.715 0.013075 0.71 0.0075
43378 0.675 0.023775 0.685 0.011275
32485 0.74 0.021075 0.73 0.012525
48024 0.755 0.022575 0.775 0.018425
56937 0.685 0.03775 0.69 0.012725
59755 0.705 0.022525 0.71 0.006425
24413 0.68 0.016025 0.705 0.011225
21828 0.755 0.0174 0.74 0.01165
42481 0.7 0.030675 0.69 0.01065
12236 0.72 0.014575 0.73 0.01785
33312 0.645 0.018325 0.685 0.00845
14626 0.67 0.01815 0.67 0.005675
41269 0.725 0.029675 0.745 0.013375
8391 0.72 0.014525 0.695 0.01005
26276 0.73 0.0167 0.74 0.0059
11461 0.745 0.01785 0.735 0.01435
22819 0.735 0.019525 0.705 0.01615
10397 0.72 0.013475 0.725 0.0156
16793 0.72 0.023025 0.695 0.01075
8320 0.745 0.01065 0.74 0.010575
21182 0.735 0.0142 0.725 0.0133
19801 0.71 0.012975 0.71 0.010175
37665 0.705 0.019075 0.715 0.009175
28278 0.69 0.023425 0.69 0.009075
19026 0.75 0.015775 0.745 0.012375
32397 0.655 0.018325 0.66 0.015325
33989 0.695 0.0183 0.715 0.0073
21294 0.745 0.017575 0.735 0.00885
33365 0.74 0.01845 0.715 0.007825
