19322 0.844771994473 0.017775 0.836787962536 0.027225
188334 0.837095040688 0.1668 0.832795946568 0.006325
50296 0.84200829111 0.042325 0.834638415477 0.0026
122605 0.836941501612 0.080375 0.834331337325 0.03385
69749 0.838937509596 0.0555 0.831874712114 0.02205
6607 0.84200829111 0.011375 0.834791954552 0.004175
52512 0.834791954552 0.052975 0.833410102871 0.014825
41107 0.836787962536 0.0197 0.8288039306 0.018625
137646 0.832949485644 0.1033 0.833256563795 0.005575
66004 0.837248579764 0.046675 0.827115000768 0.0019
141622 0.842622447413 0.12095 0.833870720098 0.000825
146062 0.846460924305 0.13595 0.835406110855 0.004625
94850 0.8288039306 0.077725 0.81774911715 0.00415
10344 0.840012283126 0.003125 0.837555657915 0.063225
11232 0.831107016736 0.005425 0.828957469676 0.132125
26531 0.84093351758 0.029 0.834638415477 0.0014
80007 0.844771994473 0.04415 0.839244587748 0.034525
35239 0.840319361277 0.0365 0.833256563795 0.003525
64124 0.842929525564 0.04375 0.833563641947 0.0051
3599 0.849531705819 0.00505 0.847535697835 0.02985
44207 0.839705204975 0.060425 0.835099032704 0.015875
41813 0.832181790266 0.054275 0.827882696146 0.00585
17298 0.835099032704 0.008975 0.831874712114 0.0124
33151 0.841701212959 0.021625 0.840165822202 0.011675
61024 0.849378166743 0.054725 0.844618455397 0.01135
42565 0.84093351758 0.0354 0.833410102871 0.03945
71899 0.847382158759 0.068225 0.834638415477 0.0013
44791 0.835406110855 0.026425 0.829111008752 0.0222
160157 0.830646399509 0.1102 0.830492860433 0.004225
95904 0.842775986489 0.116525 0.834484876401 0.0029
