41415 0.831260555811 0.00575 0.830492860433 0.00345
43931 0.824965453708 0.00655 0.824811914632 0.003075
40954 0.822355289421 0.00655 0.821894672194 0.0036
48406 0.811300475971 0.006425 0.811146936895 0.0036
31384 0.820666359589 0.0055 0.821280515891 0.00255
44399 0.814217718409 0.00635 0.814985413788 0.003425
49594 0.814831874712 0.007125 0.813757101182 0.00295
34201 0.807615538154 0.00505 0.807461999079 0.002075
30321 0.81099339782 0.006075 0.811454015047 0.002975
53490 0.83095347766 0.006625 0.830799938584 0.002975
56947 0.824811914632 0.006225 0.823737141102 0.0025
52714 0.824811914632 0.005225 0.824197758329 0.00205
32003 0.820359281437 0.006375 0.820666359589 0.00315
30103 0.818977429756 0.004725 0.819130968832 0.0034
41167 0.811300475971 0.006775 0.811761093198 0.00285
38978 0.815599570091 0.005825 0.814831874712 0.0027
40787 0.812835866728 0.00675 0.811607554123 0.0035
58613 0.813603562107 0.00695 0.812528788577 0.003
49221 0.82204821127 0.005625 0.821280515891 0.003125
40564 0.815138952864 0.005225 0.815292491939 0.003075
37796 0.819130968832 0.005575 0.81882389068 0.00355
70940 0.822508828497 0.007725 0.8231229848 0.0028
38168 0.813757101182 0.0057 0.812989405804 0.003475
40898 0.823890680178 0.00625 0.823890680178 0.002725
38159 0.810686319668 0.005675 0.811300475971 0.0033
38757 0.823430062951 0.00515 0.823276523875 0.0027
71405 0.816981421772 0.007625 0.817442038999 0.0034
53242 0.815292491939 0.0071 0.815753109166 0.0028
34235 0.81882389068 0.004675 0.818209734377 0.002925
56782 0.82204821127 0.0068 0.82204821127 0.0025
