80989 0.74 0.080325 0.735 0.0049
159336 0.66 0.152375 0.66 0.008125
85188 0.71 0.11 0.71 0.0112
15749 0.71 0.028725 0.715 0.008125
145096 0.73 0.131225 0.725 0.020925
27426 0.675 0.034875 0.69 0.007775
110766 0.77 0.136525 0.74 0.0057
63410 0.705 0.07565 0.735 0.0075
22418 0.815 0.031875 0.75 0.00225
128533 0.74 0.152425 0.715 0.007325
12905 0.68 0.022225 0.705 0.004725
68954 0.745 0.08045 0.72 0.0167
10355 0.705 0.01005 0.72 0.014725
91426 0.835 0.0927 0.82 0.00965
12595 0.745 0.018875 0.75 0.0006
47079 0.775 0.050425 0.775 0.0052
78484 0.735 0.0848 0.7 0.001325
154015 0.78 0.12795 0.75 0.000125
57594 0.755 0.08675 0.715 0.000875
176533 0.715 0.157575 0.745 0.0066
119944 0.725 0.123225 0.71 0.001
90226 0.79 0.103375 0.775 0.009975
41692 0.735 0.068475 0.755 0.007125
235201 0.77 0.17725 0.75 0.0071
133343 0.7 0.147275 0.715 0.005925
122739 0.745 0.127925 0.75 0.025225
106961 0.74 0.1278 0.735 0.013625
60504 0.735 0.089625 0.725 0.00605
90654 0.755 0.07835 0.765 0.017075
151529 0.735 0.14655 0.67 0.0147
