166989 0.897379188322 0.114175 0.896052195068 0.06245
89908 0.905009399536 0.091325 0.90722105496 0.101325
185776 0.893619374102 0.1282 0.887758487228 0.053625
101092 0.893066460245 0.068925 0.892292380847 0.047375
166202 0.893840539644 0.128175 0.889527811567 0.0123
85547 0.899590843747 0.06735 0.899148512662 0.054325
145455 0.894172287958 0.1006 0.8943934535 0.014925
214290 0.895167532898 0.1361 0.896162777839 0.084375
153665 0.897932102178 0.1053 0.900696671459 0.01355
348596 0.892845294703 0.2247 0.890080725423 0.014725
137542 0.898927347119 0.110225 0.895167532898 0.0267
118700 0.890965387593 0.0819 0.889638394338 0.03475
115079 0.893177043017 0.096325 0.893066460245 0.01515
226271 0.898263850492 0.163775 0.898374433263 0.021475
123862 0.895941612297 0.09475 0.894061705186 0.0268
104120 0.899148512662 0.0929 0.897710936636 0.054975
53063 0.890965387593 0.047 0.891075970364 0.09845
103247 0.899480260975 0.092525 0.897932102178 0.008
112300 0.897379188322 0.07175 0.895720446754 0.088025
100544 0.895499281212 0.084275 0.896162777839 0.007525
71818 0.893729956873 0.0651 0.888753732169 0.01605
95141 0.898485016035 0.080375 0.895388698441 0.047625
122616 0.894614619042 0.106275 0.894946367356 0.013325
167020 0.894282870729 0.117475 0.895056950127 0.033025
69032 0.894946367356 0.0543 0.895056950127 0.110375
75337 0.900696671459 0.06495 0.899590843747 0.080825
78315 0.894504036271 0.076275 0.894946367356 0.069675
86755 0.894172287958 0.0637 0.893287625788 0.07415
172027 0.89627336061 0.127675 0.894946367356 0.048125
76618 0.896383943382 0.06825 0.895056950127 0.0262
