526355 0.903682406281 0.0551 0.901360168086 0.11245
354633 0.901581333628 0.0476 0.901360168086 0.047675
398763 0.89527811567 0.03645 0.896383943382 0.0797
392261 0.892513546389 0.046775 0.893066460245 0.05845
466584 0.88609974566 0.05265 0.890412473737 0.035975
459004 0.895720446754 0.050175 0.898374433263 0.051675
410734 0.90080725423 0.04535 0.893840539644 0.229175
434086 0.903903571824 0.04995 0.900033174831 0.120225
417825 0.88886431494 0.0455 0.893840539644 0.06635
403227 0.8943934535 0.0501 0.893840539644 0.150425
610074 0.900254340374 0.064525 0.900033174831 0.1154
303364 0.894725201814 0.037125 0.894061705186 0.087925
528060 0.902244830255 0.058 0.90080725423 0.03465
432020 0.898153267721 0.041925 0.899480260975 0.0671
378704 0.899701426518 0.03855 0.902465995798 0.0991
440489 0.898374433263 0.05315 0.895609863983 0.017875
456861 0.89992259206 0.050125 0.899259095433 0.05605
454497 0.890854804821 0.051325 0.896162777839 0.0717
721515 0.899480260975 0.069375 0.90080725423 0.033625
324777 0.896936857238 0.044775 0.897600353865 0.12835
429433 0.893729956873 0.046625 0.897047440009 0.06305
556324 0.895499281212 0.056975 0.896605108924 0.073375
468906 0.902023664713 0.0505 0.898374433263 0.0612
404335 0.898706181577 0.046425 0.898374433263 0.092825
412300 0.89627336061 0.048925 0.891186553135 0.068625
567251 0.900254340374 0.05635 0.894946367356 0.051225
290182 0.896605108924 0.036425 0.895720446754 0.0879
360868 0.900364923145 0.0425 0.899812009289 0.02755
436876 0.902576578569 0.05065 0.902797744111 0.082825
436613 0.896052195068 0.052775 0.895941612297 0.08825
