142874 0.81774911715 0.00165 0.818056195302 0.0018
133345 0.818977429756 0.001825 0.819438046983 0.001925
95955 0.820666359589 0.001425 0.81989866421 0.00155
129393 0.82097343774 0.001275 0.819284507907 0.0015
125254 0.820512820513 0.002025 0.821894672194 0.001825
135780 0.815446031015 0.001675 0.81667434362 0.001625
143004 0.818977429756 0.001725 0.815753109166 0.001825
103600 0.813603562107 0.00135 0.812375249501 0.0017
138986 0.815138952864 0.001425 0.81667434362 0.001975
91088 0.81882389068 0.0021 0.818977429756 0.001925
130148 0.813296483955 0.001725 0.814064179334 0.00205
108051 0.821434054967 0.00185 0.819591586059 0.0013
166387 0.822969445724 0.001725 0.822355289421 0.001725
120679 0.809304467987 0.0016 0.810379241517 0.00175
121290 0.815753109166 0.001625 0.814524796561 0.001875
133987 0.817134960848 0.001775 0.818670351604 0.002025
147345 0.814678335636 0.0017 0.815292491939 0.001525
125222 0.81099339782 0.00125 0.811146936895 0.001675
120306 0.812528788577 0.002075 0.812835866728 0.0018
142728 0.822662367573 0.0016 0.82097343774 0.002025
133690 0.824811914632 0.0016 0.822508828497 0.001775
125422 0.826347305389 0.001725 0.82772915707 0.0021
140089 0.825272531859 0.001975 0.822815906648 0.001725
131244 0.812989405804 0.001475 0.812221710425 0.001175
130319 0.818516812529 0.00155 0.819130968832 0.001875
111104 0.828496852449 0.00155 0.828189774298 0.00145
109282 0.813757101182 0.001875 0.813910640258 0.002075
142935 0.81882389068 0.0018 0.81882389068 0.001075
89804 0.822355289421 0.00145 0.822969445724 0.001475
125362 0.816213726393 0.0016 0.812989405804 0.001775
