3822 0.695 0.001225 0.715 0.00155
1698 0.765 0.001275 0.74 0.0012
2616 0.75 0.001225 0.76 0.001575
5474 0.7 0.0012 0.69 0.0017
2089 0.725 0.001225 0.72 0.00085
3543 0.695 0.0012 0.705 0.001625
8733 0.715 0.001925 0.71 0.001975
2362 0.72 0.001375 0.705 0.00095
2270 0.74 0.0014 0.72 0.001025
1071 0.7 0.000975 0.705 0.00075
6206 0.745 0.00215 0.75 0.002375
3944 0.71 0.0016 0.675 0.000975
8583 0.745 0.00145 0.725 0.00065
4836 0.765 0.001975 0.76 0.0018
1413 0.725 0.000825 0.715 0.000925
3535 0.685 0.000925 0.675 0.00125
3972 0.645 0.001175 0.64 0.0011
5420 0.72 0.001475 0.695 0.001125
5806 0.725 0.002075 0.745 0.00205
2915 0.695 0.001125 0.675 0.001175
2622 0.755 0.00135 0.755 0.00085
4268 0.725 0.0017 0.72 0.001525
7577 0.705 0.001975 0.67 0.00095
4717 0.715 0.00215 0.71 0.002
2057 0.68 0.000675 0.675 0.001625
4919 0.73 0.00185 0.715 0.001775
6786 0.695 0.001875 0.685 0.001625
2477 0.78 0.000825 0.775 0.001175
4429 0.68 0.00225 0.675 0.0013
1942 0.675 0.001275 0.67 0.0013
