77750 0.765 0.08795000000000001 0.74 0.08992499999999999 7.11049674308
190316 0.705 0.20292499999999997 0.71 0.0772 7.88564088751
199309 0.7 0.18585000000000002 0.65 0.08162500000000002 7.75143502174
81038 0.73 0.074075 0.74 0.0791 7.6435494395
96069 0.71 0.08302499999999999 0.705 0.05035 6.82558550047
211864 0.72 0.193475 0.76 0.042125 7.92315931304
206126 0.72 0.22329999999999997 0.715 0.157925 7.66496080088
186288 0.765 0.18432499999999996 0.705 0.11932500000000001 7.83388841927
88590 0.7 0.115975 0.69 0.08504999999999999 7.73726737441
222699 0.745 0.233675 0.75 0.10745 7.79684307649
78872 0.73 0.078825 0.715 0.128225 7.4614065271
183443 0.715 0.19920000000000002 0.725 0.075425 7.75494973729
90257 0.725 0.09515000000000001 0.72 0.008125 7.50562237913
373585 0.775 0.3041 0.78 0.138725 7.72544323449
93666 0.73 0.10830000000000001 0.76 0.053925 7.53573677203
233043 0.735 0.23895 0.69 0.11515 7.69616740977
162453 0.765 0.18012499999999998 0.76 0.129075 7.75525435223
143943 0.735 0.16135 0.73 0.129175 7.83381032492
79501 0.75 0.08129999999999998 0.775 0.04682500000000001 7.74743501345
312955 0.75 0.28497500000000003 0.725 0.100075 7.69451441721
149783 0.735 0.1808 0.76 0.18387499999999998 7.62541971227
105592 0.7 0.11517500000000001 0.74 0.17952500000000002 7.61901002215
171568 0.73 0.1834 0.75 0.13375 7.649467207
282666 0.74 0.209425 0.71 0.12027499999999999 7.50719360328
203600 0.74 0.159675 0.71 0.068575 7.64078185515
142181 0.72 0.15447499999999997 0.72 0.06855 7.54095611026
127272 0.775 0.134725 0.73 0.17457499999999995 7.77764414445
242831 0.79 0.2212 0.785 0.12030000000000002 7.46564436821
103202 0.765 0.125075 0.735 0.025225000000000004 7.65107576562
162081 0.715 0.18164999999999998 0.72 0.07585000000000001 7.65134221736
