46961 0.825886688162 0.022250000000000006 0.826961461692 0.012175 3.22579954308
49135 0.812835866728 0.02 0.81206817135 0.0144 3.36897529157
37894 0.821741133118 0.021375 0.822201750345 0.012975 3.34021452232
53680 0.826347305389 0.021575 0.826807922616 0.010825 3.3300558573
23980 0.820359281437 0.0192 0.819438046983 0.01395 3.18896067584
37889 0.812682327652 0.0194 0.813142944879 0.013025 3.42018283405
32795 0.819130968832 0.01985 0.819130968832 0.015075 3.53928998462
51474 0.823737141102 0.018475000000000002 0.821587594043 0.014300000000000002 3.60703818743
38502 0.827115000768 0.0194 0.826654383541 0.014224999999999998 3.57449943463
35984 0.82204821127 0.020875000000000005 0.821741133118 0.014675 3.03746885177
48858 0.824658375557 0.022550000000000004 0.824044219254 0.012625000000000003 3.42519963712
44098 0.820205742361 0.021425 0.820205742361 0.014275 3.56051183874
40696 0.816520804545 0.021625000000000002 0.815599570091 0.011375 3.59869304236
35519 0.814217718409 0.01645 0.813757101182 0.00905 3.26185916743
35316 0.815138952864 0.017275 0.814524796561 0.01175 3.55961727053
50945 0.812221710425 0.021425 0.811914632274 0.012424999999999999 3.53298969305
52498 0.820205742361 0.020099999999999996 0.821126976816 0.013625 3.62222878288
35570 0.808076155382 0.018875000000000003 0.807615538154 0.009475 3.28496836879
59283 0.818670351604 0.01905 0.818363273453 0.009725000000000001 3.4515510591
40397 0.821587594043 0.01905 0.821741133118 0.012725 3.22401460553
42327 0.81667434362 0.021575 0.816213726393 0.0109 3.55906931499
59134 0.822508828497 0.022024999999999996 0.821894672194 0.011825 3.36879819834
37277 0.812375249501 0.020725000000000004 0.812221710425 0.017775 3.30725420116
28112 0.813910640258 0.020300000000000002 0.813296483955 0.01725 3.00080814759
73235 0.818363273453 0.02415 0.81882389068 0.011975 3.64271838234
42601 0.829418086903 0.022424999999999997 0.829111008752 0.012199999999999999 3.52474330703
43542 0.825886688162 0.0225 0.826807922616 0.01065 3.19408379257
28124 0.824197758329 0.020825 0.823890680178 0.013725000000000001 3.34552642186
51760 0.814831874712 0.020375 0.815599570091 0.0136 3.58389672352
49097 0.814524796561 0.02145 0.815446031015 0.01155 3.66458424456
