46961 0.825886688162 0.022250000000000006 0.826654383541 0.00815 3.79110188146
49135 0.812835866728 0.02 0.812528788577 0.013624999999999998 3.66421439872
37894 0.821741133118 0.021375 0.821741133118 0.01115 3.77789408038
53680 0.826347305389 0.021575 0.825579610011 0.0103 3.64634563061
23980 0.820359281437 0.0192 0.819745125134 0.01205 3.58688244316
37889 0.812682327652 0.0194 0.813296483955 0.012924999999999999 3.61287170785
32795 0.819130968832 0.01985 0.819130968832 0.011275 3.73356805067
51474 0.823737141102 0.018475000000000002 0.821741133118 0.0152 3.67304740294
38502 0.827115000768 0.0194 0.82772915707 0.013075000000000002 3.85083604757
35984 0.82204821127 0.020875000000000005 0.821894672194 0.012974999999999999 3.54514741898
48858 0.824658375557 0.022550000000000004 0.824197758329 0.009949999999999999 3.70597490747
44098 0.820205742361 0.021425 0.820052203286 0.01305 3.92172462004
40696 0.816520804545 0.021625000000000002 0.815906648242 0.010750000000000003 3.89764187125
35519 0.814217718409 0.01645 0.814064179334 0.00825 3.56809739333
35316 0.815138952864 0.017275 0.814831874712 0.011125000000000001 3.90536183415
50945 0.812221710425 0.021425 0.81206817135 0.012549999999999999 3.70218424747
52498 0.820205742361 0.020099999999999996 0.821126976816 0.01245 3.78519197546
35570 0.808076155382 0.018875000000000003 0.807308460003 0.007275 3.67634692539
59283 0.818670351604 0.01905 0.818670351604 0.010025 3.76713950785
40397 0.821587594043 0.01905 0.821280515891 0.00945 3.56622872915
42327 0.81667434362 0.021575 0.81667434362 0.0101 3.70466564208
59134 0.822508828497 0.022024999999999996 0.821894672194 0.010249999999999999 3.63240505089
37277 0.812375249501 0.020725000000000004 0.811761093198 0.01655 3.7565965986
28112 0.813910640258 0.020300000000000002 0.813142944879 0.018225 3.3538738803
73235 0.818363273453 0.02415 0.819130968832 0.010575000000000001 3.86579289632
42601 0.829418086903 0.022424999999999997 0.829418086903 0.011349999999999997 3.80917030843
43542 0.825886688162 0.0225 0.826040227238 0.00985 3.6972048367
28124 0.824197758329 0.020825 0.824197758329 0.011675 3.88655313916
51760 0.814831874712 0.020375 0.815292491939 0.011875 3.83992484807
49097 0.814524796561 0.02145 0.815446031015 0.010699999999999998 3.92735811946
