46961 0.825886688162 0.022250000000000006 0.826500844465 0.010350000000000002 3.4495203645
49135 0.812835866728 0.02 0.812221710425 0.015075 3.46222983698
37894 0.821741133118 0.021375 0.821741133118 0.0124 3.57815317283
53680 0.826347305389 0.021575 0.825118992784 0.010825 3.52712518484
23980 0.820359281437 0.0192 0.820052203286 0.012774999999999998 3.25600596276
37889 0.812682327652 0.0194 0.813603562107 0.011625000000000002 3.52958305257
32795 0.819130968832 0.01985 0.819130968832 0.014925 3.58563042723
51474 0.823737141102 0.018475000000000002 0.821434054967 0.0152 3.53635453814
38502 0.827115000768 0.0194 0.827268539843 0.012425000000000002 3.65670711091
35984 0.82204821127 0.020875000000000005 0.821741133118 0.012924999999999999 3.19058072294
48858 0.824658375557 0.022550000000000004 0.824044219254 0.0115 3.57015068831
44098 0.820205742361 0.021425 0.820359281437 0.012374999999999999 3.7513666816
40696 0.816520804545 0.021625000000000002 0.815753109166 0.010625 3.67307148358
35519 0.814217718409 0.01645 0.813910640258 0.007224999999999999 3.37079414617
35316 0.815138952864 0.017275 0.814524796561 0.011949999999999999 3.59052053397
50945 0.812221710425 0.021425 0.811607554123 0.0128 3.59287348563
52498 0.820205742361 0.020099999999999996 0.820205742361 0.014500000000000002 3.619641996
35570 0.808076155382 0.018875000000000003 0.807461999079 0.007724999999999999 3.3805614425
59283 0.818670351604 0.01905 0.818670351604 0.011825 3.47282200136
40397 0.821587594043 0.01905 0.821741133118 0.011850000000000001 3.39588080611
42327 0.81667434362 0.021575 0.816520804545 0.010324999999999999 3.57868014082
59134 0.822508828497 0.022024999999999996 0.821741133118 0.010025 3.42812008795
37277 0.812375249501 0.020725000000000004 0.81206817135 0.016025 3.60679559662
28112 0.813910640258 0.020300000000000002 0.813142944879 0.018325 3.15554068106
73235 0.818363273453 0.02415 0.819284507907 0.013150000000000002 3.7269120045
42601 0.829418086903 0.022424999999999997 0.829571625979 0.01165 3.58741853544
43542 0.825886688162 0.0225 0.826347305389 0.011474999999999999 3.41541445413
28124 0.824197758329 0.020825 0.824351297405 0.013600000000000001 3.63162349265
51760 0.814831874712 0.020375 0.815446031015 0.013574999999999999 3.69576982961
49097 0.814524796561 0.02145 0.815446031015 0.01085 3.75608624725
