166989 0.897379188322 0.114175 0.895831029526 5e-05
89908 0.905009399536 0.091325 0.904567068451 0.000225
185776 0.893619374102 0.1282 0.892955877474 0.0003
101092 0.893066460245 0.068925 0.894061705186 0.0004
166202 0.893840539644 0.128175 0.890633639279 7.5e-05
85547 0.899590843747 0.06735 0.899037929891 0.00045
145455 0.894172287958 0.1006 0.895499281212 0.00025
214290 0.895167532898 0.1361 0.895499281212 0.00025
153665 0.897932102178 0.1053 0.894504036271 0.000125
348596 0.892845294703 0.2247 0.88886431494 0.0005
137542 0.898927347119 0.110225 0.897379188322 0.000825
118700 0.890965387593 0.0819 0.888974897711 0.000325
115079 0.893177043017 0.096325 0.891186553135 0.000225
226271 0.898263850492 0.163775 0.897379188322 2.5e-05
123862 0.895941612297 0.09475 0.894835784585 0.0005
104120 0.899148512662 0.0929 0.897489771094 0.0002
53063 0.890965387593 0.047 0.891186553135 0.00045
103247 0.899480260975 0.092525 0.899259095433 0.000425
112300 0.897379188322 0.07175 0.891518301449 0.000225
100544 0.895499281212 0.084275 0.892955877474 5e-05
71818 0.893729956873 0.0651 0.890854804821 0.0
95141 0.898485016035 0.080375 0.892513546389 0.00025
122616 0.894614619042 0.106275 0.893066460245 5e-05
167020 0.894282870729 0.117475 0.893729956873 0.0006
69032 0.894946367356 0.0543 0.89350879133 0.000225
75337 0.900696671459 0.06495 0.899590843747 0.00035
78315 0.894504036271 0.076275 0.891518301449 0.0004
86755 0.894172287958 0.0637 0.891297135906 0.000375
172027 0.89627336061 0.127675 0.894282870729 5e-05
76618 0.896383943382 0.06825 0.894835784585 0.0002
