58501 0.846768002457 0.057 0.839551665899 0.0
29004 0.839551665899 0.037875 0.82987870413 0.00325
14464 0.837248579764 0.013075 0.842622447413 0.00275
92819 0.848456932289 0.0682 0.838016275142 0.0042
104552 0.839091048672 0.091425 0.828496852449 0.00055
46362 0.844925533548 0.02185 0.821434054967 0.0293
46863 0.837555657915 0.04855 0.836634423461 0.03455
10568 0.840165822202 0.002225 0.835713189007 0.003025
3670 0.844311377246 0.006725 0.83878397052 0.0104
24456 0.840779978505 0.0157 0.823430062951 0.008125
43367 0.834331337325 0.020475 0.828189774298 0.0014
48499 0.822969445724 0.04645 0.823737141102 0.000375
21920 0.840319361277 0.032025 0.822815906648 0.0013
77085 0.832181790266 0.058025 0.828036235222 0.0187
94108 0.832488868417 0.07785 0.826961461692 0.001925
85856 0.836480884385 0.067125 0.831107016736 0.00295
16970 0.841087056656 0.032325 0.835099032704 0.00245
176434 0.841087056656 0.12905 0.825272531859 0.002275
101617 0.83525257178 0.067275 0.82772915707 0.076425
70303 0.827882696146 0.06845 0.830799938584 0.00075
91367 0.840319361277 0.070875 0.8288039306 0.01045
33801 0.841701212959 0.034025 0.830799938584 0.023175
24093 0.84415783817 0.0192 0.833256563795 0.003875
36532 0.846921541532 0.01855 0.842622447413 0.104975
134317 0.83878397052 0.089 0.826961461692 7.5e-05
