286808 0.829111008752 0.167075 0.81989866421 0.0256
287717 0.837095040688 0.058225 0.840626439429 0.1809
332098 0.832949485644 0.192475 0.830492860433 0.031975
156533 0.83202825119 0.081675 0.83417779825 0.102225
261650 0.825426070935 0.0721 0.818209734377 0.083025
138713 0.825886688162 0.03895 0.830339321357 0.13325
136252 0.830646399509 0.03525 0.825118992784 0.088475
103171 0.828957469676 0.02065 0.830492860433 0.11575
132330 0.839398126823 0.119775 0.838016275142 0.026175
201806 0.836020267158 0.042575 0.834484876401 0.055575
308718 0.835866728082 0.1705 0.83310302472 0.07105
239920 0.833410102871 0.0993 0.825733149086 0.05515
234794 0.837862736066 0.0377 0.840626439429 0.107125
130954 0.834791954552 0.02285 0.835866728082 0.0369
174638 0.84200829111 0.044 0.840472900353 0.038275
242734 0.817288499923 0.123475 0.821434054967 0.093375
306651 0.838016275142 0.162275 0.8288039306 0.055975
189423 0.826193766314 0.103 0.83310302472 0.095
400363 0.838937509596 0.2227 0.838630431445 0.06865
324613 0.827422078919 0.09855 0.832335329341 0.09185
156861 0.835406110855 0.034 0.838630431445 0.102825
165455 0.83525257178 0.070225 0.830646399509 0.05355
330030 0.835099032704 0.092575 0.835866728082 0.1202
240864 0.83525257178 0.042 0.836634423461 0.041
130390 0.838630431445 0.044 0.836634423461 0.057225
265302 0.832181790266 0.114325 0.831874712114 0.047375
194020 0.82987870413 0.104775 0.83525257178 0.044325
374589 0.825426070935 0.29545 0.834331337325 0.034925
215521 0.829111008752 0.076175 0.836327345309 0.03075
234682 0.820359281437 0.066675 0.823276523875 0.066175
