105338 0.735 0.1093 0.735 0.0545
157502 0.695 0.1 0.705 0.05
47747 0.81 0.063875 0.82 0.022025
95724 0.74 0.088125 0.74 0.04895
100581 0.805 0.084975 0.79 0.04165
169225 0.805 0.099425 0.81 0.0607
192940 0.755 0.12225 0.765 0.050425
101959 0.825 0.109675 0.835 0.0538
76352 0.735 0.067075 0.715 0.025575
79031 0.74 0.088525 0.715 0.031825
47452 0.76 0.0595 0.745 0.01
107567 0.75 0.088075 0.765 0.06165
144177 0.735 0.10895 0.74 0.051725
125560 0.74 0.097 0.745 0.066625
137531 0.77 0.109425 0.765 0.04095
125847 0.755 0.1065 0.755 0.042075
113588 0.775 0.1075 0.745 0.047475
153187 0.76 0.1022 0.775 0.060375
138440 0.76 0.117 0.715 0.04735
128175 0.775 0.11165 0.75 0.048425
100088 0.8 0.0847 0.795 0.045825
108524 0.785 0.0735 0.795 0.04685
77254 0.795 0.085625 0.765 0.040625
133790 0.755 0.115725 0.755 0.0707
76777 0.77 0.082075 0.755 0.034275
81561 0.78 0.08415 0.78 0.049725
151646 0.76 0.12755 0.79 0.051625
157387 0.775 0.120875 0.75 0.045125
89929 0.78 0.071325 0.785 0.029275
103880 0.745 0.08285 0.78 0.060475
