100837 0.845386150775 0.004475 0.82987870413 0.029
98637 0.844311377246 0.01005 0.844311377246 0.0396
132117 0.82987870413 0.0112 0.826500844465 0.044725
78223 0.834791954552 0.003875 0.832949485644 0.044125
69910 0.815753109166 0.003625 0.824811914632 0.014975
129139 0.835406110855 0.006275 0.82987870413 0.0244
103519 0.843390142791 0.01 0.836327345309 0.033975
104493 0.832181790266 0.006825 0.833717181023 0.034725
155383 0.834791954552 0.01355 0.836787962536 0.031725
89423 0.837555657915 0.00395 0.835406110855 0.020375
107119 0.833410102871 0.005475 0.831721173039 0.042375
92452 0.825733149086 0.004725 0.834945493628 0.034125
98041 0.826500844465 0.0048 0.823737141102 0.035025
96965 0.833717181023 0.00705 0.832181790266 0.044325
118037 0.824811914632 0.01225 0.824351297405 0.020675
113468 0.836480884385 0.009825 0.836787962536 0.0531
139160 0.831260555811 0.00785 0.831414094887 0.018225
127457 0.832949485644 0.012975 0.833870720098 0.018625
112913 0.841394134807 0.013975 0.839398126823 0.029975
92679 0.837402118839 0.017775 0.826193766314 0.029825
169755 0.831721173039 0.012575 0.823276523875 0.02745
108643 0.827115000768 0.008925 0.840779978505 0.028825
97539 0.839705204975 0.00565 0.83202825119 0.025575
147586 0.835099032704 0.020425 0.828496852449 0.0299
76259 0.839398126823 0.0051 0.837402118839 0.033225
144674 0.836020267158 0.011275 0.833410102871 0.0267
119996 0.84093351758 0.007525 0.823583602027 0.04575
90600 0.83310302472 0.00445 0.836173806234 0.020525
126498 0.836941501612 0.00905 0.839091048672 0.04785
102402 0.832335329341 0.008625 0.83095347766 0.028375
