58501 0.846768002457 0.057 0.84200829111 0.003775
29004 0.839551665899 0.037875 0.830492860433 0.000775
14464 0.837248579764 0.013075 0.833256563795 0.031075
92819 0.848456932289 0.0682 0.842468908337 0.0016
104552 0.839091048672 0.091425 0.835099032704 0.0
46362 0.844925533548 0.02185 0.840779978505 0.0
46863 0.837555657915 0.04855 0.831721173039 0.0
10568 0.840165822202 0.002225 0.842315369261 0.022675
3670 0.844311377246 0.006725 0.837709196991 0.013325
24456 0.840779978505 0.0157 0.824965453708 0.003775
43367 0.834331337325 0.020475 0.833563641947 0.0047
48499 0.822969445724 0.04645 0.815599570091 0.0009
21920 0.840319361277 0.032025 0.829111008752 0.0036
77085 0.832181790266 0.058025 0.831567633963 0.0004
94108 0.832488868417 0.07785 0.830492860433 5e-05
85856 0.836480884385 0.067125 0.839244587748 0.05055
16970 0.841087056656 0.032325 0.812835866728 0.0002
176434 0.841087056656 0.12905 0.825272531859 0.0
101617 0.83525257178 0.067275 0.823430062951 0.031625
70303 0.827882696146 0.06845 0.823583602027 0.00655
91367 0.840319361277 0.070875 0.835559649931 0.0
33801 0.841701212959 0.034025 0.82772915707 0.0012
24093 0.84415783817 0.0192 0.823430062951 0.0003
36532 0.846921541532 0.01855 0.836480884385 0.0
134317 0.83878397052 0.089 0.831107016736 0.0029
