19322 0.844771994473 0.017775 0.839551665899 0.0392
188334 0.837095040688 0.1668 0.836941501612 0.047625
50296 0.84200829111 0.042325 0.838323353293 0.073225
122605 0.836941501612 0.080375 0.830032243206 0.0006
69749 0.838937509596 0.0555 0.838323353293 0.022875
6607 0.84200829111 0.011375 0.821741133118 0.18705
52512 0.834791954552 0.052975 0.833717181023 0.039825
41107 0.836787962536 0.0197 0.834331337325 0.085775
137646 0.832949485644 0.1033 0.836787962536 0.007575
66004 0.837248579764 0.046675 0.83310302472 0.00425
141622 0.842622447413 0.12095 0.833717181023 0.019525
146062 0.846460924305 0.13595 0.845693228927 0.029775
94850 0.8288039306 0.077725 0.830646399509 0.051775
10344 0.840012283126 0.003125 0.837095040688 0.36765
11232 0.831107016736 0.005425 0.828189774298 0.170675
26531 0.84093351758 0.029 0.829418086903 0.068975
80007 0.844771994473 0.04415 0.838476892369 0.0674
35239 0.840319361277 0.0365 0.831567633963 0.0572
64124 0.842929525564 0.04375 0.839091048672 0.003
3599 0.849531705819 0.00505 0.841240595732 0.06495
44207 0.839705204975 0.060425 0.836020267158 0.067775
41813 0.832181790266 0.054275 0.831107016736 0.021825
17298 0.835099032704 0.008975 0.834331337325 0.0172
33151 0.841701212959 0.021625 0.842622447413 0.03575
61024 0.849378166743 0.054725 0.847689236911 0.055
42565 0.84093351758 0.0354 0.834331337325 0.05305
71899 0.847382158759 0.068225 0.847996315062 0.012075
44791 0.835406110855 0.026425 0.825733149086 0.128
160157 0.830646399509 0.1102 0.836941501612 0.0349
95904 0.842775986489 0.116525 0.831567633963 0.0542
