159421 0.765 0.1559 0.755 0.26485
147843 0.76 0.135225 0.76 0.200575
194050 0.745 0.1884 0.755 0.23055
125613 0.745 0.14505 0.755 0.337375
153083 0.755 0.1535 0.74 0.462275
136008 0.78 0.14655 0.74 0.261225
141038 0.705 0.153825 0.675 0.345375
88079 0.775 0.105925 0.75 0.260825
209755 0.705 0.1581 0.715 0.22295
183478 0.79 0.204975 0.76 0.2286
325287 0.715 0.25035 0.735 0.1973
355712 0.75 0.2888 0.74 0.23535
354413 0.735 0.260725 0.75 0.305575
129195 0.735 0.130325 0.74 0.413225
247743 0.715 0.26805 0.705 0.3717
122543 0.745 0.143625 0.75 0.43515
247901 0.75 0.226525 0.745 0.3333
114936 0.715 0.11125 0.7 0.242
81755 0.81 0.112875 0.78 0.417
143402 0.79 0.147925 0.785 0.247775
382003 0.755 0.30415 0.74 0.463025
142731 0.71 0.159175 0.685 0.429125
119743 0.765 0.15135 0.795 0.3138
159310 0.73 0.174675 0.72 0.193275
91116 0.725 0.09685 0.725 0.3889
269173 0.77 0.227125 0.745 0.340375
198262 0.77 0.18905 0.77 0.33735
151514 0.805 0.156775 0.745 0.275275
100963 0.725 0.138025 0.72 0.239825
228535 0.71 0.2049 0.7 0.20955
