166989 0.897379188322 0.114175 0.897489771094 0.1409
89908 0.905009399536 0.091325 0.904788233993 0.189075
185776 0.893619374102 0.1282 0.892955877474 0.215775
101092 0.893066460245 0.068925 0.893398208559 0.3063
166202 0.893840539644 0.128175 0.891518301449 0.14915
85547 0.899590843747 0.06735 0.900364923145 0.18795
145455 0.894172287958 0.1006 0.894061705186 0.191925
214290 0.895167532898 0.1361 0.8943934535 0.182325
153665 0.897932102178 0.1053 0.897268605551 0.2019
348596 0.892845294703 0.2247 0.89162888422 0.19615
137542 0.898927347119 0.110225 0.897268605551 0.156475
118700 0.890965387593 0.0819 0.888974897711 0.17215
115079 0.893177043017 0.096325 0.8943934535 0.197225
226271 0.898263850492 0.163775 0.897379188322 0.21065
123862 0.895941612297 0.09475 0.896162777839 0.14095
104120 0.899148512662 0.0929 0.897379188322 0.2524
53063 0.890965387593 0.047 0.890854804821 0.16435
103247 0.899480260975 0.092525 0.899812009289 0.19705
112300 0.897379188322 0.07175 0.89627336061 0.193275
100544 0.895499281212 0.084275 0.894061705186 0.157
71818 0.893729956873 0.0651 0.893066460245 0.171175
95141 0.898485016035 0.080375 0.897821519407 0.134
122616 0.894614619042 0.106275 0.895941612297 0.1428
167020 0.894282870729 0.117475 0.894946367356 0.207675
69032 0.894946367356 0.0543 0.893398208559 0.203375
75337 0.900696671459 0.06495 0.899369678204 0.2524
78315 0.894504036271 0.076275 0.894614619042 0.224025
86755 0.894172287958 0.0637 0.894172287958 0.215675
172027 0.89627336061 0.127675 0.896383943382 0.195375
76618 0.896383943382 0.06825 0.894504036271 0.231825
