526355 0.903682406281 0.0551 0.899259095433 0.05855
354633 0.901581333628 0.0476 0.899259095433 0.05805
398763 0.89527811567 0.03645 0.896052195068 0.04195
392261 0.892513546389 0.046775 0.895388698441 0.047375
466584 0.88609974566 0.05265 0.887869069999 0.087075
459004 0.895720446754 0.050175 0.896494526153 0.04165
410734 0.90080725423 0.04535 0.895056950127 0.051575
434086 0.903903571824 0.04995 0.902244830255 0.06975
417825 0.88886431494 0.0455 0.893729956873 0.053775
403227 0.8943934535 0.0501 0.889196063253 0.056175
610074 0.900254340374 0.064525 0.898595598806 0.0732
303364 0.894725201814 0.037125 0.891075970364 0.095875
528060 0.902244830255 0.058 0.894504036271 0.036275
432020 0.898153267721 0.041925 0.899148512662 0.027925
378704 0.899701426518 0.03855 0.897047440009 0.0426
440489 0.898374433263 0.05315 0.894614619042 0.05465
456861 0.89992259206 0.050125 0.899259095433 0.0968
454497 0.890854804821 0.051325 0.896052195068 0.114175
721515 0.899480260975 0.069375 0.898927347119 0.047875
324777 0.896936857238 0.044775 0.896826274466 0.132325
429433 0.893729956873 0.046625 0.893398208559 0.055925
556324 0.895499281212 0.056975 0.892513546389 0.05865
468906 0.902023664713 0.0505 0.901581333628 0.069
404335 0.898706181577 0.046425 0.896826274466 0.0475
412300 0.89627336061 0.048925 0.895831029526 0.129675
567251 0.900254340374 0.05635 0.900586088687 0.051025
290182 0.896605108924 0.036425 0.889085480482 0.024325
360868 0.900364923145 0.0425 0.898927347119 0.0617
436876 0.902576578569 0.05065 0.901249585315 0.0829
436613 0.896052195068 0.052775 0.897932102178 0.0508
