72282 0.889306646025 0.00485 0.890523056508 0.01165
108765 0.886652659516 0.005275 0.886431493973 0.014475
162014 0.889748977109 0.0082 0.890523056508 0.01025
208826 0.891186553135 0.0092 0.890301890965 0.015125
129322 0.894172287958 0.00675 0.893177043017 0.013775
183400 0.890523056508 0.0085 0.89074422205 0.01255
131246 0.883114010837 0.0072 0.882892845295 0.013325
188783 0.890191308194 0.0076 0.888421983855 0.010975
132734 0.890633639279 0.007825 0.890523056508 0.012375
130330 0.892181798076 0.00605 0.891297135906 0.01065
143210 0.8870949906 0.0075 0.887205573372 0.01485
80398 0.887758487228 0.005175 0.886984407829 0.01175
125272 0.893398208559 0.00515 0.892955877474 0.0141
119853 0.892402963618 0.006525 0.892071215305 0.01105
128012 0.890854804821 0.00615 0.889859559881 0.011825
117094 0.886873825058 0.00665 0.887647904456 0.012575
112635 0.889196063253 0.00585 0.889748977109 0.01555
195813 0.890080725423 0.009925 0.889970142652 0.014075
136863 0.889527811567 0.005125 0.888753732169 0.01165
103171 0.88886431494 0.0067 0.888090235541 0.01065
141862 0.888753732169 0.007875 0.888753732169 0.009875
130122 0.886984407829 0.006425 0.886763242287 0.0123
107825 0.888200818313 0.00745 0.888311401084 0.0103
180488 0.88797965277 0.008225 0.887647904456 0.0118
132854 0.890191308194 0.00635 0.890633639279 0.008175
124344 0.891407718677 0.00615 0.890854804821 0.00915
117665 0.886873825058 0.006875 0.887537321685 0.0157
179848 0.890191308194 0.007325 0.890412473737 0.012975
134896 0.886763242287 0.007875 0.885436249032 0.00895
101050 0.886652659516 0.00685 0.8870949906 0.010675
