142874 0.81774911715 0.00165 0.818056195302 0.00095
133345 0.818977429756 0.001825 0.820359281437 0.0015
95955 0.820666359589 0.001425 0.821587594043 0.001175
129393 0.82097343774 0.001275 0.821587594043 0.0012
125254 0.820512820513 0.002025 0.820359281437 0.001
135780 0.815446031015 0.001675 0.814678335636 0.0015
143004 0.818977429756 0.001725 0.819284507907 0.001275
103600 0.813603562107 0.00135 0.813296483955 0.0013
138986 0.815138952864 0.001425 0.813603562107 0.001625
91088 0.81882389068 0.0021 0.81989866421 0.001425
130148 0.813296483955 0.001725 0.813450023031 0.0019
108051 0.821434054967 0.00185 0.820052203286 0.001725
166387 0.822969445724 0.001725 0.821894672194 0.00145
120679 0.809304467987 0.0016 0.808536772609 0.00145
121290 0.815753109166 0.001625 0.814985413788 0.001275
133987 0.817134960848 0.001775 0.817902656226 0.001
147345 0.814678335636 0.0017 0.813450023031 0.00125
125222 0.81099339782 0.00125 0.811761093198 0.0009
120306 0.812528788577 0.002075 0.813910640258 0.0011
142728 0.822662367573 0.0016 0.822201750345 0.001125
133690 0.824811914632 0.0016 0.824504836481 0.0009
125422 0.826347305389 0.001725 0.827422078919 0.00095
140089 0.825272531859 0.001975 0.824504836481 0.001475
131244 0.812989405804 0.001475 0.812375249501 0.00155
130319 0.818516812529 0.00155 0.819591586059 0.00155
111104 0.828496852449 0.00155 0.827268539843 0.001575
109282 0.813757101182 0.001875 0.814064179334 0.002075
142935 0.81882389068 0.0018 0.818977429756 0.00145
89804 0.822355289421 0.00145 0.821280515891 0.001275
125362 0.816213726393 0.0016 0.816060187318 0.0017
