286808 0.829111008752 0.167075 0.822355289421 0.076725
287717 0.837095040688 0.058225 0.835713189007 0.0566
332098 0.832949485644 0.192475 0.829111008752 0.09265
156533 0.83202825119 0.081675 0.83417779825 0.1152
261650 0.825426070935 0.0721 0.831107016736 0.16045
138713 0.825886688162 0.03895 0.826193766314 0.03115
136252 0.830646399509 0.03525 0.826500844465 0.03985
103171 0.828957469676 0.02065 0.829418086903 0.028625
132330 0.839398126823 0.119775 0.825426070935 0.13885
201806 0.836020267158 0.042575 0.835713189007 0.0422
308718 0.835866728082 0.1705 0.83310302472 0.054
239920 0.833410102871 0.0993 0.827882696146 0.11655
234794 0.837862736066 0.0377 0.838476892369 0.036
130954 0.834791954552 0.02285 0.831567633963 0.0307
174638 0.84200829111 0.044 0.826040227238 0.049575
242734 0.817288499923 0.123475 0.820052203286 0.03865
306651 0.838016275142 0.162275 0.835866728082 0.212125
189423 0.826193766314 0.103 0.828957469676 0.151975
400363 0.838937509596 0.2227 0.837709196991 0.128775
324613 0.827422078919 0.09855 0.831874712114 0.084275
156861 0.835406110855 0.034 0.844004299094 0.04725
165455 0.83525257178 0.070225 0.833410102871 0.077075
330030 0.835099032704 0.092575 0.82987870413 0.128975
240864 0.83525257178 0.042 0.834484876401 0.022625
130390 0.838630431445 0.044 0.832335329341 0.08805
265302 0.832181790266 0.114325 0.829725165055 0.1048
194020 0.82987870413 0.104775 0.829725165055 0.071275
374589 0.825426070935 0.29545 0.828957469676 0.229925
215521 0.829111008752 0.076175 0.832949485644 0.0888
234682 0.820359281437 0.066675 0.821741133118 0.084425
