3822 0.695 0.001225 0.7 0.001475
1698 0.765 0.001275 0.755 0.001625
2616 0.75 0.001225 0.755 0.001125
5474 0.7 0.0012 0.7 0.001475
2089 0.725 0.001225 0.74 0.000975
3543 0.695 0.0012 0.71 0.0014
8733 0.715 0.001925 0.735 0.001425
2362 0.72 0.001375 0.72 0.0011
2270 0.74 0.0014 0.73 0.0014
1071 0.7 0.000975 0.7 0.0013
6206 0.745 0.00215 0.745 0.001725
3944 0.71 0.0016 0.72 0.0012
8583 0.745 0.00145 0.765 0.001525
4836 0.765 0.001975 0.78 0.001625
1413 0.725 0.000825 0.725 0.000475
3535 0.685 0.000925 0.7 0.0014
3972 0.645 0.001175 0.665 0.000875
5420 0.72 0.001475 0.72 0.0017
5806 0.725 0.002075 0.715 0.001575
2915 0.695 0.001125 0.705 0.000925
2622 0.755 0.00135 0.755 0.00105
4268 0.725 0.0017 0.74 0.001575
7577 0.705 0.001975 0.695 0.00155
4717 0.715 0.00215 0.7 0.001475
2057 0.68 0.000675 0.67 0.000925
4919 0.73 0.00185 0.725 0.00165
6786 0.695 0.001875 0.7 0.001075
2477 0.78 0.000825 0.805 0.000525
4429 0.68 0.00225 0.69 0.001375
1942 0.675 0.001275 0.68 0.0013
