159421 0.765 0.1559 0.775 0.15655
147843 0.76 0.135225 0.75 0.176075
194050 0.745 0.1884 0.73 0.1767
125613 0.745 0.14505 0.745 0.144675
153083 0.755 0.1535 0.715 0.211325
136008 0.78 0.14655 0.76 0.189475
141038 0.705 0.153825 0.695 0.18815
88079 0.775 0.105925 0.74 0.087975
209755 0.705 0.1581 0.695 0.3043
183478 0.79 0.204975 0.76 0.24555
325287 0.715 0.25035 0.745 0.204925
355712 0.75 0.2888 0.725 0.12535
354413 0.735 0.260725 0.75 0.2002
129195 0.735 0.130325 0.73 0.43785
247743 0.715 0.26805 0.71 0.2625
122543 0.745 0.143625 0.7 0.1719
247901 0.75 0.226525 0.705 0.189475
114936 0.715 0.11125 0.7 0.118225
81755 0.81 0.112875 0.755 0.226075
143402 0.79 0.147925 0.77 0.203625
382003 0.755 0.30415 0.735 0.3283
142731 0.71 0.159175 0.69 0.2939
119743 0.765 0.15135 0.785 0.1393
159310 0.73 0.174675 0.745 0.1781
91116 0.725 0.09685 0.745 0.202025
269173 0.77 0.227125 0.76 0.201675
198262 0.77 0.18905 0.775 0.2274
151514 0.805 0.156775 0.795 0.2975
100963 0.725 0.138025 0.715 0.146925
228535 0.71 0.2049 0.7 0.1795
