65218 0.73 0.093475 0.725 0.08109999999999999 7.63771135476
136439 0.75 0.1341 0.755 0.012025000000000001 7.73406893132
32476 0.77 0.04245000000000001 0.735 0.009300000000000001 7.43628122255
74253 0.73 0.10607500000000002 0.73 0.0032 7.74779897955
20068 0.775 0.009325000000000002 0.725 0.011325 6.14106794788
39938 0.795 0.04295 0.78 0.019825 7.4958100321
70555 0.72 0.08285000000000001 0.69 0.009174999999999999 7.07532842723
86960 0.75 0.086975 0.745 0.0015250000000000003 7.72944343615
103323 0.755 0.09147500000000001 0.76 0.002775 7.58820014199
72607 0.735 0.093825 0.725 0.018725000000000002 7.58194193062
105194 0.715 0.115 0.74 0.018525 7.75252508301
33920 0.78 0.041325 0.77 0.026225000000000002 6.92135922022
18012 0.765 0.025849999999999998 0.755 0.11130000000000001 7.04013657535
83487 0.72 0.094325 0.755 0.00425 7.75551741999
119246 0.74 0.105675 0.74 0.022225 7.81926542412
124536 0.705 0.1323 0.73 0.04790000000000001 7.66190090829
76663 0.745 0.0888 0.77 0.009550000000000001 7.80980041326
50356 0.68 0.07785 0.705 0.005750000000000001 7.6087450345
150124 0.725 0.12020000000000002 0.745 0.0194 7.8164494279
41419 0.755 0.076 0.71 0.013499999999999998 7.47944368477
118612 0.715 0.13355 0.7 0.0001 7.63526837165
27788 0.76 0.03675 0.75 0.08364999999999999 7.11906806115
48367 0.735 0.069275 0.775 0.00055 7.36212050895
124964 0.755 0.122175 0.755 0.029500000000000002 7.90523922785
69947 0.75 0.08650000000000001 0.745 0.0325 7.68774530522
30408 0.75 0.038775000000000004 0.695 0.022375000000000003 7.35881049067
150166 0.71 0.143575 0.71 0.05125 7.7134036514
90858 0.78 0.124275 0.775 0.0275 7.69430536909
25087 0.745 0.0429 0.715 0.0 7.33476621418
100124 0.755 0.12927499999999997 0.785 0.08545 7.71453527368
