65218 0.73 0.093475 0.715 0.083625 5.86453253886
136439 0.75 0.1341 0.745 0.006575 6.41007502804
32476 0.77 0.04245000000000001 0.77 0.00605 5.26902865486
74253 0.73 0.10607500000000002 0.73 0.0424 6.16069898176
20068 0.775 0.009325000000000002 0.755 0.02825 4.42217958386
39938 0.795 0.04295 0.8 0.013325 4.99317152305
70555 0.72 0.08285000000000001 0.705 0.01865 5.27870660887
86960 0.75 0.086975 0.74 0.0361 5.24417050646
103323 0.755 0.09147500000000001 0.74 0.046275 5.16119779667
72607 0.735 0.093825 0.71 0.021799999999999996 5.42855467433
105194 0.715 0.115 0.735 0.00015000000000000001 5.83530194918
33920 0.78 0.041325 0.76 0.016200000000000003 5.36516784623
18012 0.765 0.025849999999999998 0.755 0.10662500000000001 1.78198839496
83487 0.72 0.094325 0.725 0.04585000000000001 5.75128253471
119246 0.74 0.105675 0.78 0.0146 5.96959817458
124536 0.705 0.1323 0.72 0.05692500000000001 6.46639111265
76663 0.745 0.0888 0.76 0.021775000000000003 5.56578047392
50356 0.68 0.07785 0.685 0.01745 6.14816181305
150124 0.725 0.12020000000000002 0.73 0.006775 6.00836104067
41419 0.755 0.076 0.705 0.0322 3.73965189035
118612 0.715 0.13355 0.7 0.014649999999999998 5.58448158554
27788 0.76 0.03675 0.74 0.030599999999999995 4.61023629965
48367 0.735 0.069275 0.74 0.025825000000000004 4.24745530362
124964 0.755 0.122175 0.75 0.026750000000000003 6.14089693865
69947 0.75 0.08650000000000001 0.725 0.03545 5.99425574174
30408 0.75 0.038775000000000004 0.725 0.010699999999999998 4.27197698606
150166 0.71 0.143575 0.685 0.013774999999999999 6.73081883049
90858 0.78 0.124275 0.76 0.016300000000000002 4.96412248133
25087 0.745 0.0429 0.75 0.0006 4.58511839845
100124 0.755 0.12927499999999997 0.775 0.0028250000000000003 5.06629547677
