65218 0.73 0.093475 0.72 0.07600000000000001 7.15321145421
136439 0.75 0.1341 0.76 0.0035750000000000005 7.63983925326
32476 0.77 0.04245000000000001 0.74 0.0013 7.3447776369
74253 0.73 0.10607500000000002 0.71 0.011850000000000001 7.36601867967
20068 0.775 0.009325000000000002 0.77 0.049625 4.82672590732
39938 0.795 0.04295 0.76 0.01565 6.93594153835
70555 0.72 0.08285000000000001 0.71 0.006775 6.81901898629
86960 0.75 0.086975 0.735 0.01525 7.46259035962
103323 0.755 0.09147500000000001 0.75 0.0946 6.94487748551
72607 0.735 0.093825 0.705 0.010625 7.23292322056
105194 0.715 0.115 0.715 0.00815 7.27915603124
33920 0.78 0.041325 0.775 0.025300000000000003 6.39615305886
18012 0.765 0.025849999999999998 0.79 0.0718 6.48046225394
83487 0.72 0.094325 0.75 0.0029249999999999996 7.15223517809
119246 0.74 0.105675 0.755 0.046275000000000004 7.27815858099
124536 0.705 0.1323 0.7 0.0008500000000000001 6.97879493809
76663 0.745 0.0888 0.745 0.058100000000000006 7.44062885706
50356 0.68 0.07785 0.715 0.017625000000000002 6.95119586296
150124 0.725 0.12020000000000002 0.755 0.005849999999999999 7.05270226631
41419 0.755 0.076 0.705 0.016975 6.7982445345
118612 0.715 0.13355 0.705 0.002075 7.16565775226
27788 0.76 0.03675 0.73 0.023425 6.82434255162
48367 0.735 0.069275 0.74 0.014825 6.57272175537
124964 0.755 0.122175 0.735 0.00365 7.15105457765
69947 0.75 0.08650000000000001 0.71 0.034175000000000004 7.41797091421
30408 0.75 0.038775000000000004 0.705 0.061000000000000006 7.0599036735
150166 0.71 0.143575 0.695 0.053000000000000005 7.511992732
90858 0.78 0.124275 0.775 0.07915 7.36314193724
25087 0.745 0.0429 0.755 0.01645 6.88576543241
100124 0.755 0.12927499999999997 0.76 0.07817500000000001 7.46983896319
