112499 0.890412473737 0.0063999999999999994 0.890191308194 0.0021000000000000003 5.69485358547
131597 0.887869069999 0.006500000000000001 0.886984407829 0.0025250000000000008 5.78934579944
111159 0.889970142652 0.006599999999999999 0.889306646025 0.003225 5.80747137363 
122965 0.895056950127 0.006525 0.893619374102 0.002075 5.74488611403 
117782 0.891186553135 0.0062250000000000005 0.891186553135 0.0027500000000000003 5.70675869705 
130286 0.883003428066 0.00545 0.883224593608 0.00285 5.74912519692 
102548 0.889748977109 0.00625 0.890080725423 0.0028750000000000004 5.91060413745 
122181 0.889748977109 0.006625 0.890633639279 0.002475 5.83089325127 
212237 0.888090235541 0.010474999999999998 0.887647904456 0.001925 5.74252918942 
97562 0.888532566626 0.005175000000000001 0.886763242287 0.0023 5.76961891067 
115872 0.885325666261 0.006099999999999999 0.883556341922 0.00255 5.63099250299 
138206 0.889085480482 0.006725 0.888643149397 0.0023 5.68828882599 
133877 0.890301890965 0.0072250000000000005 0.889306646025 0.0028000000000000004 5.66911038033 
93389 0.887758487228 0.006599999999999999 0.888090235541 0.0036249999999999998 5.68954028042 
155749 0.889970142652 0.007375 0.887537321685 0.0022249999999999995 5.77835508838 
143251 0.889859559881 0.007875 0.888753732169 0.002625 5.77098828634 
109913 0.892955877474 0.0067 0.893619374102 0.0027500000000000003 5.75309729821 
111408 0.888532566626 0.006924999999999999 0.887537321685 0.002225 5.78518154632 
130970 0.888200818313 0.006975 0.888311401084 0.0023 5.88662360547 
112273 0.887316156143 0.007675 0.888200818313 0.003075 5.79610368722 
110487 0.891297135906 0.0067 0.892402963618 0.0023499999999999997 5.6882911832 
154362 0.887758487228 0.007324999999999999 0.886652659516 0.001975 5.83046171663 
147833 0.886984407829 0.00835 0.886763242287 0.0029 5.75662227869 
113180 0.8870949906 0.005549999999999999 0.887316156143 0.00125 5.82123236548 
100076 0.890523056508 0.005 0.892071215305 0.0030500000000000006 5.83781883572 
100253 0.889748977109 0.005875000000000002 0.888311401084 0.00265 5.72930937895 
85261 0.89074422205 0.0049250000000000006 0.889970142652 0.002125 5.77206974619 
128762 0.891186553135 0.007175 0.890965387593 0.003275 5.78825628033 
171963 0.884109255778 0.008 0.884772752405 0.0023499999999999997 5.83310318844 
118138 0.889970142652 0.006625 0.88886431494 0.002875 5.78991582577 
