112499 0.890412473737 0.0063999999999999994 0.890412473737 0.003175 4.46819715654
131597 0.887869069999 0.006500000000000001 0.887758487228 0.004 4.0257653969
111159 0.889970142652 0.006599999999999999 0.889859559881 0.0044 4.52923599399 
122965 0.895056950127 0.006525 0.894172287958 0.0028750000000000004 5.03023691152 
117782 0.891186553135 0.0062250000000000005 0.890854804821 0.00425 4.86548130649 
130286 0.883003428066 0.00545 0.882671679752 0.0035499999999999998 4.37343144881 
102548 0.889748977109 0.00625 0.889527811567 0.0033250000000000003 4.90163023891 
122181 0.889748977109 0.006625 0.889859559881 0.003875 4.84832917622 
212237 0.888090235541 0.010474999999999998 0.888421983855 0.0045000000000000005 4.75187943244 
97562 0.888532566626 0.005175000000000001 0.8870949906 0.0033250000000000003 4.53423686735 
115872 0.885325666261 0.006099999999999999 0.883556341922 0.0032500000000000003 3.99799974641 
138206 0.889085480482 0.006725 0.887869069999 0.004325 4.43247142148 
133877 0.890301890965 0.0072250000000000005 0.890523056508 0.004425 4.76165813507 
93389 0.887758487228 0.006599999999999999 0.887758487228 0.004475 4.21353238274 
155749 0.889970142652 0.007375 0.889417228796 0.004625000000000001 4.62560500056 
143251 0.889859559881 0.007875 0.889085480482 0.003875 5.16898328143 
109913 0.892955877474 0.0067 0.893177043017 0.00345 4.81611501085 
111408 0.888532566626 0.006924999999999999 0.888421983855 0.0037 4.97055465222 
130970 0.888200818313 0.006975 0.888311401084 0.003025 4.31395459924 
112273 0.887316156143 0.007675 0.888090235541 0.0034999999999999996 4.93596319185 
110487 0.891297135906 0.0067 0.89162888422 0.0042499999999999994 4.07487333698 
154362 0.887758487228 0.007324999999999999 0.887537321685 0.0033750000000000004 4.44226467037 
147833 0.886984407829 0.00835 0.886873825058 0.005025000000000001 5.02874594391 
113180 0.8870949906 0.005549999999999999 0.887537321685 0.002975 4.54695673017 
100076 0.890523056508 0.005 0.891518301449 0.006175000000000001 4.41425416281 
100253 0.889748977109 0.005875000000000002 0.889417228796 0.004525 4.55001374718 
85261 0.89074422205 0.0049250000000000006 0.890301890965 0.0035750000000000005 4.39280605262 
128762 0.891186553135 0.007175 0.891186553135 0.004975 5.17583272753 
171963 0.884109255778 0.008 0.884662169634 0.00455 4.30140709312 
118138 0.889970142652 0.006625 0.888532566626 0.0039250000000000005 4.85437248186 
