112499 0.890412473737 0.0063999999999999994 0.890965387593 0.005900000000000001 2.55871825892
131597 0.887869069999 0.006500000000000001 0.887869069999 0.004775000000000001 1.5671776252
111159 0.889970142652 0.006599999999999999 0.889859559881 0.004 3.76162562407 
122965 0.895056950127 0.006525 0.894835784585 0.004975 3.71528247805 
117782 0.891186553135 0.0062250000000000005 0.890301890965 0.00475 1.5790634858 
130286 0.883003428066 0.00545 0.883003428066 0.0058 1.75559906812 
102548 0.889748977109 0.00625 0.890412473737 0.003425 2.56378577141 
122181 0.889748977109 0.006625 0.890191308194 0.004225 3.74894145578 
212237 0.888090235541 0.010474999999999998 0.888200818313 0.0048000000000000004 3.57962016498 
97562 0.888532566626 0.005175000000000001 0.88797965277 0.0044 2.19395308905 
115872 0.885325666261 0.006099999999999999 0.884883335176 0.00465 3.41185707341 
138206 0.889085480482 0.006725 0.888974897711 0.00365 3.55463605878 
133877 0.890301890965 0.0072250000000000005 0.890191308194 0.0053 3.53959247984 
93389 0.887758487228 0.006599999999999999 0.887537321685 0.005475 1.8220765245 
155749 0.889970142652 0.007375 0.889748977109 0.004175000000000001 1.40101867795 
143251 0.889859559881 0.007875 0.890080725423 0.005425000000000001 2.54996813526 
109913 0.892955877474 0.0067 0.892624129161 0.004575 3.65650624175 
111408 0.888532566626 0.006924999999999999 0.88886431494 0.0048000000000000004 3.98634673034 
130970 0.888200818313 0.006975 0.888421983855 0.005549999999999999 2.74329504265 
112273 0.887316156143 0.007675 0.887647904456 0.005825 3.0311772327 
110487 0.891297135906 0.0067 0.890965387593 0.007050000000000001 1.0597980767 
154362 0.887758487228 0.007324999999999999 0.88797965277 0.006025 2.61130158359 
147833 0.886984407829 0.00835 0.886763242287 0.00525 3.00558156943 
113180 0.8870949906 0.005549999999999999 0.887537321685 0.004425 1.1327773346 
100076 0.890523056508 0.005 0.891850049762 0.004375 1.89887318251 
100253 0.889748977109 0.005875000000000002 0.889196063253 0.004975 3.0813567005 
85261 0.89074422205 0.0049250000000000006 0.889638394338 0.0037750000000000006 3.94522095983 
128762 0.891186553135 0.007175 0.891075970364 0.00475 1.79949154267 
171963 0.884109255778 0.008 0.883556341922 0.0036000000000000003 3.72995267744 
118138 0.889970142652 0.006625 0.889638394338 0.005124999999999999 2.68511613485 
