333131 0.842622447413 0.30105 0.822355289421 0.03735 4.18682890254 
355521 0.842929525564 0.290225 0.835559649931 0.037250000000000005 4.29545147437 
359827 0.843390142791 0.2791 0.836787962536 0.032025 4.14118028282 
548314 0.841854752034 0.3655250000000001 0.838937509596 0.03835 4.26821187698 
298246 0.83985874405 0.254825 0.830185782282 0.02825 4.15243273543 
99748 0.834638415477 0.09725000000000002 0.83985874405 0.13695000000000002 4.49978494486 
122947 0.84415783817 0.08789999999999999 0.832949485644 0.159975 4.21383937703 
541132 0.829418086903 0.394375 0.828189774298 0.049725 5.11018979852 
270218 0.833410102871 0.24935000000000002 0.837402118839 0.121075 6.05011575343 
316261 0.84630738523 0.255475 0.837095040688 0.06 4.17293556532 
351491 0.840472900353 0.279225 0.832181790266 0.07690000000000001 4.23810436763 
284496 0.829418086903 0.228 0.827268539843 0.067425 4.11993871247 
377316 0.838169814218 0.35137500000000005 0.826807922616 0.017075 4.14184053692 
228682 0.838016275142 0.189375 0.832949485644 0.0742 4.22851630138 
461260 0.835559649931 0.433225 0.839398126823 0.0202 4.13012646299 
222898 0.831260555811 0.18384999999999999 0.830799938584 0.11535000000000001 3.95145236847 
466122 0.843697220943 0.3484 0.835406110855 0.015525 4.20427727888 
430777 0.850145862122 0.32302499999999995 0.837709196991 0.038900000000000004 4.09359616926 
548475 0.837248579764 0.42829999999999996 0.835099032704 0.045375000000000006 4.12617037938 
225879 0.836480884385 0.19792499999999996 0.837862736066 0.11962500000000001 6.13372301609 
155921 0.840472900353 0.133975 0.836634423461 0.09427500000000003 4.63923385953 
224451 0.842929525564 0.18635 0.84308306464 0.04045 4.18299394075 
184599 0.836787962536 0.14995 0.828496852449 0.068825 3.97678150335 
270551 0.829418086903 0.23067500000000002 0.820819898664 0.101675 5.39743013625 
404391 0.829264547827 0.32165000000000005 0.826807922616 0.08535 4.0351075879 
411066 0.844771994473 0.348125 0.829571625979 0.014275000000000003 4.17385017114 
521183 0.833410102871 0.348425 0.827115000768 0.04262500000000001 4.13543996404 
344858 0.839091048672 0.2897 0.81882389068 0.05762500000000001 4.20566825803 
317148 0.836787962536 0.26480000000000004 0.824811914632 0.05380000000000001 4.08705931479 
173737 0.841547673883 0.1408 0.8288039306 0.06435 4.14927510645 
