333131 0.842622447413 0.30105 0.827268539843 0.08745000000000001 3.66160539341 
355521 0.842929525564 0.290225 0.834791954552 0.06422500000000002 6.06202207958 
359827 0.843390142791 0.2791 0.828189774298 0.07120000000000001 5.15077437937 
548314 0.841854752034 0.3655250000000001 0.832642407493 0.058025 3.91887930215 
298246 0.83985874405 0.254825 0.825118992784 0.036075 3.52817173177 
99748 0.834638415477 0.09725000000000002 0.830339321357 0.11180000000000001 3.65254806895 
122947 0.84415783817 0.08789999999999999 0.833410102871 0.120325 2.6559975213 
541132 0.829418086903 0.394375 0.826807922616 0.042325 4.30386996214 
270218 0.833410102871 0.24935000000000002 0.83417779825 0.07785 3.2938471815 
316261 0.84630738523 0.255475 0.8288039306 0.102275 3.62074967351 
351491 0.840472900353 0.279225 0.838630431445 0.12802500000000003 3.79132167587 
284496 0.829418086903 0.228 0.828957469676 0.06677500000000001 3.41373880491 
377316 0.838169814218 0.35137500000000005 0.82772915707 0.068525 3.47516155982 
228682 0.838016275142 0.189375 0.834331337325 0.044675 3.73118277013 
461260 0.835559649931 0.433225 0.831721173039 0.050600000000000006 5.05019263866 
222898 0.831260555811 0.18384999999999999 0.828036235222 0.100075 3.20129035789 
466122 0.843697220943 0.3484 0.831721173039 0.018574999999999998 3.77356543263 
430777 0.850145862122 0.32302499999999995 0.837095040688 0.01295 3.8478117841 
548475 0.837248579764 0.42829999999999996 0.830492860433 0.050125 4.04157371232 
225879 0.836480884385 0.19792499999999996 0.822508828497 0.145275 3.61703372137 
155921 0.840472900353 0.133975 0.832488868417 0.0989 3.74891784878 
224451 0.842929525564 0.18635 0.830185782282 0.032225000000000004 3.60091758964 
184599 0.836787962536 0.14995 0.832642407493 0.0902 3.32071611645 
270551 0.829418086903 0.23067500000000002 0.821587594043 0.09717500000000001 3.52894820928 
404391 0.829264547827 0.32165000000000005 0.821894672194 0.04945 3.66312494181 
411066 0.844771994473 0.348125 0.830492860433 0.07565000000000001 4.37768940559 
521183 0.833410102871 0.348425 0.819745125134 0.07925 3.63397997584 
344858 0.839091048672 0.2897 0.822201750345 0.12047500000000001 3.84323159908 
317148 0.836787962536 0.26480000000000004 0.833563641947 0.042775 3.67871547242 
173737 0.841547673883 0.1408 0.831107016736 0.04145000000000001 3.43828021877 
