94867 0.898706181577 0.065225 0.894614619042 0.0027 4.52955664183 
177245 0.895056950127 0.13592500000000002 0.89804268495 0.004699999999999999 4.60243001281 
146109 0.896162777839 0.113 0.897821519407 0.0069 4.71912543851 
60801 0.893619374102 0.045024999999999996 0.894061705186 0.018250000000000002 3.17330877544 
64649 0.896162777839 0.059025 0.894725201814 0.0229 4.25346712167 
99411 0.898595598806 0.087625 0.8943934535 0.0016000000000000003 4.73197927052 
113346 0.897600353865 0.08162500000000002 0.898263850492 0.009099999999999999 4.05250664056 
87357 0.894946367356 0.06915 0.891739466991 0.008825000000000001 3.82716921482 
120182 0.89804268495 0.090275 0.897821519407 0.012475 5.35140864521 
100838 0.89804268495 0.09092499999999999 0.894946367356 0.018775 4.46821515365 
178469 0.899148512662 0.11705 0.89715802278 0.0007000000000000001 5.50095812898 
55392 0.894946367356 0.05290000000000001 0.890412473737 0.013024999999999998 4.4697404062 
242598 0.895941612297 0.172675 0.8943934535 0.004875000000000001 4.8745888912 
250657 0.898816764348 0.15802499999999997 0.896383943382 0.0009 4.9330521284 
63695 0.897600353865 0.05492500000000001 0.897047440009 0.015325000000000002 3.97897673956 
166842 0.896052195068 0.13144999999999998 0.894835784585 0.0052 5.23180803768 
73953 0.892624129161 0.05522500000000001 0.893951122415 0.01845 3.83787586571 
226593 0.898153267721 0.15125 0.897600353865 0.0154 4.64945948728 
58378 0.894835784585 0.066175 0.895056950127 0.0103 4.33008105623 
71007 0.896715691695 0.07125 0.896162777839 0.0024000000000000002 4.93565432443 
35003 0.896162777839 0.030775 0.888974897711 0.004875 3.37734227021 
82315 0.890965387593 0.070975 0.891075970364 0.011575 4.33175997035 
83736 0.897379188322 0.061575000000000005 0.896715691695 0.015300000000000001 4.11692959408 
192585 0.890965387593 0.13302500000000003 0.889748977109 0.001975 4.69388009145 
54456 0.894614619042 0.05402500000000001 0.8943934535 0.008025 3.73795276214 
87006 0.899148512662 0.0794 0.897268605551 0.008799999999999999 4.28682205593 
48188 0.894946367356 0.0451 0.894061705186 0.00815 4.24815204046 
226383 0.895499281212 0.1573 0.895941612297 0.000425 4.72835794553 
36393 0.897710936636 0.036800000000000006 0.896715691695 0.014724999999999999 3.33561416673 
156212 0.897268605551 0.11285 0.895720446754 0.005024999999999999 4.65081217881 
