94867 0.898706181577 0.065225 0.895609863983 0.010249999999999999 4.83344369927 
177245 0.895056950127 0.13592500000000002 0.896383943382 0.0007250000000000001 5.38668054337 
146109 0.896162777839 0.113 0.898816764348 0.000575 5.19667536291 
60801 0.893619374102 0.045024999999999996 0.892402963618 0.011850000000000001 4.32209944843 
64649 0.896162777839 0.059025 0.894614619042 0.0022 5.04667907084 
99411 0.898595598806 0.087625 0.895499281212 0.00315 5.35507084204 
113346 0.897600353865 0.08162500000000002 0.897268605551 0.0009750000000000001 4.93346724957 
87357 0.894946367356 0.06915 0.895056950127 0.00415 4.56135498352 
120182 0.89804268495 0.090275 0.897932102178 0.014375000000000002 5.66828027123 
100838 0.89804268495 0.09092499999999999 0.898816764348 0.000825 5.2139733028 
178469 0.899148512662 0.11705 0.898927347119 0.0017499999999999998 5.32587302734 
55392 0.894946367356 0.05290000000000001 0.895056950127 0.0131 4.49972811152 
242598 0.895941612297 0.172675 0.89527811567 0.0009 5.21496807824 
250657 0.898816764348 0.15802499999999997 0.895499281212 0.001725 5.15831836927 
63695 0.897600353865 0.05492500000000001 0.896052195068 0.0034999999999999996 4.59951267542 
166842 0.896052195068 0.13144999999999998 0.894835784585 0.00065 5.50182903578 
73953 0.892624129161 0.05522500000000001 0.89527811567 0.028674999999999996 4.81511595728 
226593 0.898153267721 0.15125 0.897710936636 0.012924999999999999 5.06264757185 
58378 0.894835784585 0.066175 0.895609863983 0.0017499999999999998 5.18486778846 
71007 0.896715691695 0.07125 0.896052195068 0.00285 4.7337191487 
35003 0.896162777839 0.030775 0.891407718677 0.0017500000000000003 4.59397034964 
82315 0.890965387593 0.070975 0.889196063253 0.010075 5.02820681073 
83736 0.897379188322 0.061575000000000005 0.895720446754 0.0252 4.77956893021 
192585 0.890965387593 0.13302500000000003 0.890854804821 0.00095 5.38668109758 
54456 0.894614619042 0.05402500000000001 0.893066460245 0.0017000000000000001 4.52376264661 
87006 0.899148512662 0.0794 0.89804268495 0.021400000000000002 4.67317423034 
48188 0.894946367356 0.0451 0.895167532898 0.005600000000000001 5.26692327378 
226383 0.895499281212 0.1573 0.895941612297 0.0011250000000000001 4.98333428146 
36393 0.897710936636 0.036800000000000006 0.895831029526 0.009325 4.64092558546 
156212 0.897268605551 0.11285 0.893729956873 0.0010750000000000002 5.02240133968 
