94867 0.898706181577 0.065225 0.896715691695 0.0023250000000000002 5.06136884721 
177245 0.895056950127 0.13592500000000002 0.893619374102 0.0026 5.3395896531 
146109 0.896162777839 0.113 0.898263850492 0.0027749999999999997 5.59735142265 
60801 0.893619374102 0.045024999999999996 0.892292380847 0.012 5.27192962904 
64649 0.896162777839 0.059025 0.895056950127 0.00575 5.15835838954 
99411 0.898595598806 0.087625 0.896052195068 0.0015750000000000002 5.51613725 
113346 0.897600353865 0.08162500000000002 0.898485016035 0.0010500000000000002 5.2099675943 
87357 0.894946367356 0.06915 0.892624129161 0.025149999999999995 5.22445832776 
120182 0.89804268495 0.090275 0.89715802278 0.019100000000000002 5.67676382707 
100838 0.89804268495 0.09092499999999999 0.898485016035 0.0031750000000000007 5.78256473021 
178469 0.899148512662 0.11705 0.899259095433 0.001975 5.68269000031 
55392 0.894946367356 0.05290000000000001 0.890854804821 0.008600000000000002 5.41858865096 
242598 0.895941612297 0.172675 0.895388698441 0.002225 5.48173464402 
250657 0.898816764348 0.15802499999999997 0.896826274466 0.0011 5.51175205036 
63695 0.897600353865 0.05492500000000001 0.894835784585 0.00055 5.42308905639 
166842 0.896052195068 0.13144999999999998 0.894172287958 0.00065 5.86671667132 
73953 0.892624129161 0.05522500000000001 0.893398208559 0.02335 4.82265930155 
226593 0.898153267721 0.15125 0.897489771094 0.00945 5.27382768621 
58378 0.894835784585 0.066175 0.888311401084 0.005125000000000001 5.44019437451 
71007 0.896715691695 0.07125 0.897710936636 0.0003 5.15086185802 
35003 0.896162777839 0.030775 0.889527811567 0.00995 5.03819830045 
82315 0.890965387593 0.070975 0.887869069999 0.013125 5.24971200246 
83736 0.897379188322 0.061575000000000005 0.89627336061 0.008 5.3892884979 
192585 0.890965387593 0.13302500000000003 0.890301890965 0.0015250000000000003 5.70128266838 
54456 0.894614619042 0.05402500000000001 0.893398208559 0.0023000000000000004 5.1330916038 
87006 0.899148512662 0.0794 0.89527811567 0.0028750000000000004 5.53935398894 
48188 0.894946367356 0.0451 0.895056950127 0.011225 5.20006457583 
226383 0.895499281212 0.1573 0.895167532898 0.0012250000000000002 5.34237811786 
36393 0.897710936636 0.036800000000000006 0.894614619042 0.008600000000000002 5.38626610821 
156212 0.897268605551 0.11285 0.895609863983 0.001 5.28837958682 
