94867 0.898706181577 0.065225 0.893066460245 0.000675 5.4131790217 
177245 0.895056950127 0.13592500000000002 0.893619374102 0.00055 5.71283214821 
146109 0.896162777839 0.113 0.896605108924 0.00017500000000000003 5.80882657913 
60801 0.893619374102 0.045024999999999996 0.892513546389 0.010375 5.6615727635 
64649 0.896162777839 0.059025 0.893066460245 0.0024749999999999998 5.84088245833 
99411 0.898595598806 0.087625 0.895720446754 0.0017499999999999998 5.78243593761 
113346 0.897600353865 0.08162500000000002 0.899037929891 0.0005 5.63451028122 
87357 0.894946367356 0.06915 0.892624129161 0.002725 5.8638180306 
120182 0.89804268495 0.090275 0.89804268495 0.021325000000000004 5.95432086924 
100838 0.89804268495 0.09092499999999999 0.895499281212 0.000125 5.9754709921 
178469 0.899148512662 0.11705 0.898263850492 0.00065 5.80280978051 
55392 0.894946367356 0.05290000000000001 0.885767997346 0.020525 5.94359285954 
242598 0.895941612297 0.172675 0.893729956873 0.0004000000000000001 5.78314040971 
250657 0.898816764348 0.15802499999999997 0.896494526153 0.0001 5.737287425 
63695 0.897600353865 0.05492500000000001 0.888753732169 0.000125 5.8431249817 
166842 0.896052195068 0.13144999999999998 0.892071215305 2.5e-05 5.95723270697 
73953 0.892624129161 0.05522500000000001 0.891739466991 0.010925 5.44196454321 
226593 0.898153267721 0.15125 0.89715802278 0.005975 5.49630777241 
58378 0.894835784585 0.066175 0.891518301449 0.001575 5.70790578437 
71007 0.896715691695 0.07125 0.896162777839 0.0005 5.73000466734 
35003 0.896162777839 0.030775 0.892402963618 0.006024999999999999 5.92714550876 
82315 0.890965387593 0.070975 0.890965387593 0.005850000000000001 5.65781340722 
83736 0.897379188322 0.061575000000000005 0.895609863983 0.0121 5.70241468521 
192585 0.890965387593 0.13302500000000003 0.890523056508 0.0029000000000000002 5.88607946112 
54456 0.894614619042 0.05402500000000001 0.892734711932 0.000475 5.66972132146 
87006 0.899148512662 0.0794 0.897489771094 0.0022 5.68873191154 
48188 0.894946367356 0.0451 0.892624129161 0.00042500000000000003 5.79009399956 
226383 0.895499281212 0.1573 0.897379188322 0.000575 5.70835387616 
36393 0.897710936636 0.036800000000000006 0.895941612297 0.0007250000000000001 5.84862053481 
156212 0.897268605551 0.11285 0.8943934535 0.00045 5.67634277867 
