94867 0.898706181577 0.065225 0.891297135906 0.000825 5.64807725039 
177245 0.895056950127 0.13592500000000002 0.893398208559 2.5e-05 5.93326913346 
146109 0.896162777839 0.113 0.893951122415 0.00015 5.96494871212 
60801 0.893619374102 0.045024999999999996 0.890854804821 0.007175 5.84185878498 
64649 0.896162777839 0.059025 0.894835784585 0.00125 5.93691550495 
99411 0.898595598806 0.087625 0.894835784585 0.00045000000000000004 5.94705624077 
113346 0.897600353865 0.08162500000000002 0.897600353865 0.000575 5.80956808909 
87357 0.894946367356 0.06915 0.89162888422 0.0022250000000000004 6.00892651405 
120182 0.89804268495 0.090275 0.898816764348 0.013175 6.01774947064 
100838 0.89804268495 0.09092499999999999 0.893177043017 0.0001 6.08918733664 
178469 0.899148512662 0.11705 0.898706181577 0.00017500000000000003 5.95637031496 
55392 0.894946367356 0.05290000000000001 0.891850049762 0.0345 5.99347051419 
242598 0.895941612297 0.172675 0.894946367356 0.000325 5.98717657799 
250657 0.898816764348 0.15802499999999997 0.896826274466 0.00022500000000000002 5.93121035936 
63695 0.897600353865 0.05492500000000001 0.895167532898 0.00115 5.95714655789 
166842 0.896052195068 0.13144999999999998 0.895056950127 0.00065 6.0466327219 
73953 0.892624129161 0.05522500000000001 0.891407718677 0.009025 5.61435820141 
226593 0.898153267721 0.15125 0.896936857238 0.008975 5.75089528447 
58378 0.894835784585 0.066175 0.892071215305 0.00125 5.82272100245 
71007 0.896715691695 0.07125 0.896052195068 0.000775 5.93723205928 
35003 0.896162777839 0.030775 0.893840539644 0.011975000000000003 6.00298400374 
82315 0.890965387593 0.070975 0.887758487228 0.0023250000000000002 5.86263745444 
83736 0.897379188322 0.061575000000000005 0.893619374102 0.0038250000000000003 5.91292744514 
192585 0.890965387593 0.13302500000000003 0.889417228796 0.000825 6.07349019522 
54456 0.894614619042 0.05402500000000001 0.892181798076 0.00025 5.90861912745 
87006 0.899148512662 0.0794 0.897932102178 0.0004 5.88213341045 
48188 0.894946367356 0.0451 0.893287625788 0.001925 5.88434446231 
226383 0.895499281212 0.1573 0.89627336061 0.000575 5.91438710922 
36393 0.897710936636 0.036800000000000006 0.896826274466 0.0023250000000000002 5.98640331378 
156212 0.897268605551 0.11285 0.891960632533 0.000325 5.92959998182 
