94867 0.898706181577 0.065225 0.893287625788 0.00185 5.06916195626 
177245 0.895056950127 0.13592500000000002 0.895056950127 0.00215 5.34816372115 
146109 0.896162777839 0.113 0.897710936636 0.003975000000000001 5.70672412249 
60801 0.893619374102 0.045024999999999996 0.888311401084 0.005 5.52348167011 
64649 0.896162777839 0.059025 0.895831029526 0.0008749999999999999 5.51349284795 
99411 0.898595598806 0.087625 0.895941612297 0.00105 5.62235592239 
113346 0.897600353865 0.08162500000000002 0.897047440009 0.0010750000000000002 5.35063076844 
87357 0.894946367356 0.06915 0.892402963618 0.0066 5.40119360206 
120182 0.89804268495 0.090275 0.898706181577 0.017325 5.89258334238 
100838 0.89804268495 0.09092499999999999 0.895720446754 0.0006 5.80667558167 
178469 0.899148512662 0.11705 0.898816764348 0.0008750000000000001 5.66813011082 
55392 0.894946367356 0.05290000000000001 0.886431493973 0.0218 5.77867097772 
242598 0.895941612297 0.172675 0.89527811567 0.000525 5.54900482064 
250657 0.898816764348 0.15802499999999997 0.89627336061 0.00025 5.55400649795 
63695 0.897600353865 0.05492500000000001 0.89715802278 0.000925 5.83139259016 
166842 0.896052195068 0.13144999999999998 0.894835784585 0.00165 5.84644143442 
73953 0.892624129161 0.05522500000000001 0.893066460245 0.0070750000000000006 5.14210336991 
226593 0.898153267721 0.15125 0.897379188322 0.006075 5.36839660129 
58378 0.894835784585 0.066175 0.888200818313 0.0046 5.57356871131 
71007 0.896715691695 0.07125 0.896936857238 0.000575 5.50562593449 
35003 0.896162777839 0.030775 0.892845294703 0.0010500000000000002 5.61934561394 
82315 0.890965387593 0.070975 0.890080725423 0.0076 5.42656432888 
83736 0.897379188322 0.061575000000000005 0.895499281212 0.01075 5.53455194565 
192585 0.890965387593 0.13302500000000003 0.890080725423 0.001925 5.72781578075 
54456 0.894614619042 0.05402500000000001 0.892402963618 0.0009750000000000001 5.11216876311 
87006 0.899148512662 0.0794 0.899259095433 0.003 5.49260892979 
48188 0.894946367356 0.0451 0.892402963618 0.005225 5.64603202503 
226383 0.895499281212 0.1573 0.896826274466 0.000625 5.43150184995 
36393 0.897710936636 0.036800000000000006 0.892513546389 0.0005 5.84114564804 
156212 0.897268605551 0.11285 0.895388698441 0.0013750000000000001 5.34358462252 
