94867 0.898706181577 0.065225 0.893177043017 0.00055 5.37782069242 
177245 0.895056950127 0.13592500000000002 0.895499281212 0.0007000000000000001 5.6511756548 
146109 0.896162777839 0.113 0.896162777839 0.0005 5.75298633059 
60801 0.893619374102 0.045024999999999996 0.893729956873 0.015525000000000002 5.44607401476 
64649 0.896162777839 0.059025 0.896605108924 0.004175 5.76207032073 
99411 0.898595598806 0.087625 0.894614619042 0.0011250000000000001 5.74798845378 
113346 0.897600353865 0.08162500000000002 0.898153267721 0.00075 5.52950936808 
87357 0.894946367356 0.06915 0.892624129161 0.0039000000000000003 5.68598233422 
120182 0.89804268495 0.090275 0.89715802278 0.012675 5.9473786893 
100838 0.89804268495 0.09092499999999999 0.898485016035 0.0009750000000000001 5.94498683574 
178469 0.899148512662 0.11705 0.897932102178 0.00045 5.72730155768 
55392 0.894946367356 0.05290000000000001 0.889970142652 0.01625 5.82422958277 
242598 0.895941612297 0.172675 0.893066460245 0.0014750000000000002 5.68754017078 
250657 0.898816764348 0.15802499999999997 0.89715802278 7.5e-05 5.65815985725 
63695 0.897600353865 0.05492500000000001 0.896383943382 0.0012250000000000002 5.7600184444 
166842 0.896052195068 0.13144999999999998 0.893619374102 0.0004 5.93243271008 
73953 0.892624129161 0.05522500000000001 0.89162888422 0.005825 5.24747308025 
226593 0.898153267721 0.15125 0.897268605551 0.007024999999999999 5.49224283964 
58378 0.894835784585 0.066175 0.891850049762 0.000925 5.66655418686 
71007 0.896715691695 0.07125 0.897268605551 0.000925 5.76631190104 
35003 0.896162777839 0.030775 0.892624129161 0.00335 5.74547070959 
82315 0.890965387593 0.070975 0.889859559881 0.0060999999999999995 5.5732566459 
83736 0.897379188322 0.061575000000000005 0.895056950127 0.010350000000000002 5.66872876106 
192585 0.890965387593 0.13302500000000003 0.891739466991 0.000675 5.84804720166 
54456 0.894614619042 0.05402500000000001 0.892181798076 0.000625 5.57503077294 
87006 0.899148512662 0.0794 0.898485016035 0.0020250000000000003 5.60952787462 
48188 0.894946367356 0.0451 0.894725201814 0.008475 5.707512805 
226383 0.895499281212 0.1573 0.896605108924 0.0005 5.67286306891 
36393 0.897710936636 0.036800000000000006 0.896605108924 0.0011 5.81455676154 
156212 0.897268605551 0.11285 0.892513546389 0.0001 5.59042855723 
