72282 0.889306646025 0.00485 0.891075970364 0.005075
108765 0.886652659516 0.005275 0.886210328431 0.0038
162014 0.889748977109 0.0082 0.889417228796 0.004125
208826 0.891186553135 0.0092 0.890301890965 0.006125
129322 0.894172287958 0.00675 0.8943934535 0.002825
183400 0.890523056508 0.0085 0.890965387593 0.00565
131246 0.883114010837 0.0072 0.883003428066 0.004375
188783 0.890191308194 0.0076 0.889638394338 0.004575
132734 0.890633639279 0.007825 0.890965387593 0.006175
130330 0.892181798076 0.00605 0.891850049762 0.004275
143210 0.8870949906 0.0075 0.888090235541 0.0069
80398 0.887758487228 0.005175 0.887316156143 0.003125
125272 0.893398208559 0.00515 0.892292380847 0.00635
119853 0.892402963618 0.006525 0.893177043017 0.004575
128012 0.890854804821 0.00615 0.891297135906 0.0047
117094 0.886873825058 0.00665 0.88797965277 0.00315
112635 0.889196063253 0.00585 0.890523056508 0.0049
195813 0.890080725423 0.009925 0.890412473737 0.006675
136863 0.889527811567 0.005125 0.890523056508 0.003675
103171 0.88886431494 0.0067 0.888532566626 0.004425
141862 0.888753732169 0.007875 0.889085480482 0.00595
130122 0.886984407829 0.006425 0.886652659516 0.006875
107825 0.888200818313 0.00745 0.888421983855 0.002775
180488 0.88797965277 0.008225 0.888753732169 0.004525
132854 0.890191308194 0.00635 0.891186553135 0.00305
124344 0.891407718677 0.00615 0.890301890965 0.004375
117665 0.886873825058 0.006875 0.886873825058 0.005375
179848 0.890191308194 0.007325 0.891518301449 0.00445
134896 0.886763242287 0.007875 0.887758487228 0.005025
101050 0.886652659516 0.00685 0.887758487228 0.0023
