58501 0.846768002457 0.057 0.842775986489 2.5e-05
29004 0.839551665899 0.037875 0.831107016736 0.001625
14464 0.837248579764 0.013075 0.829725165055 0.06265
92819 0.848456932289 0.0682 0.838937509596 0.0
104552 0.839091048672 0.091425 0.833563641947 2.5e-05
46362 0.844925533548 0.02185 0.831874712114 0.014625
46863 0.837555657915 0.04855 0.830032243206 0.0
10568 0.840165822202 0.002225 0.844925533548 0.00415
3670 0.844311377246 0.006725 0.838169814218 0.004675
24456 0.840779978505 0.0157 0.829418086903 0.00025
43367 0.834331337325 0.020475 0.829418086903 0.0013
48499 0.822969445724 0.04645 0.819284507907 0.01325
21920 0.840319361277 0.032025 0.816827882696 0.000125
77085 0.832181790266 0.058025 0.830032243206 2.5e-05
94108 0.832488868417 0.07785 0.824658375557 0.014275
85856 0.836480884385 0.067125 0.838630431445 0.00105
16970 0.841087056656 0.032325 0.81099339782 0.001125
176434 0.841087056656 0.12905 0.826654383541 0.000625
101617 0.83525257178 0.067275 0.822201750345 0.0
70303 0.827882696146 0.06845 0.825118992784 0.010875
91367 0.840319361277 0.070875 0.833256563795 0.0
33801 0.841701212959 0.034025 0.83417779825 0.02375
24093 0.84415783817 0.0192 0.820819898664 0.0008
36532 0.846921541532 0.01855 0.834024259174 0.000225
134317 0.83878397052 0.089 0.827268539843 0.00245
