41415 0.831260555811 0.00575 0.831567633963 0.00415
43931 0.824965453708 0.00655 0.823583602027 0.003075
40954 0.822355289421 0.00655 0.822815906648 0.002925
48406 0.811300475971 0.006425 0.811454015047 0.00395
31384 0.820666359589 0.0055 0.821741133118 0.00295
44399 0.814217718409 0.00635 0.814371257485 0.006
49594 0.814831874712 0.007125 0.815138952864 0.00415
34201 0.807615538154 0.00505 0.808536772609 0.0041
30321 0.81099339782 0.006075 0.810225702441 0.0037
53490 0.83095347766 0.006625 0.831414094887 0.003325
56947 0.824811914632 0.006225 0.824044219254 0.004125
52714 0.824811914632 0.005225 0.824965453708 0.004275
32003 0.820359281437 0.006375 0.820512820513 0.0037
30103 0.818977429756 0.004725 0.818977429756 0.0038
41167 0.811300475971 0.006775 0.812375249501 0.001625
38978 0.815599570091 0.005825 0.815138952864 0.003125
40787 0.812835866728 0.00675 0.811146936895 0.00335
58613 0.813603562107 0.00695 0.812989405804 0.00385
49221 0.82204821127 0.005625 0.821126976816 0.004475
40564 0.815138952864 0.005225 0.815292491939 0.0038
37796 0.819130968832 0.005575 0.819130968832 0.003075
70940 0.822508828497 0.007725 0.823583602027 0.002675
38168 0.813757101182 0.0057 0.814217718409 0.004575
40898 0.823890680178 0.00625 0.823890680178 0.0041
38159 0.810686319668 0.005675 0.809765085214 0.00415
38757 0.823430062951 0.00515 0.821741133118 0.004775
71405 0.816981421772 0.007625 0.817288499923 0.004
53242 0.815292491939 0.0071 0.815138952864 0.005225
34235 0.81882389068 0.004675 0.818516812529 0.004125
56782 0.82204821127 0.0068 0.82204821127 0.00395
