333131 0.842622447413 0.30105 0.831567633963 0.041625 3.88722572785 
355521 0.842929525564 0.290225 0.833256563795 0.07475 4.04124540411 
359827 0.843390142791 0.2791 0.837402118839 0.04885 5.30232677243 
548314 0.841854752034 0.3655250000000001 0.845386150775 0.06997500000000001 4.08025380182 
298246 0.83985874405 0.254825 0.835866728082 0.041675000000000004 3.92553408943 
99748 0.834638415477 0.09725000000000002 0.840165822202 0.17157499999999998 4.25523056771 
122947 0.84415783817 0.08789999999999999 0.833870720098 0.14987499999999998 3.59758173975 
541132 0.829418086903 0.394375 0.821587594043 0.039375 3.95007730792 
270218 0.833410102871 0.24935000000000002 0.832488868417 0.09667500000000001 3.9358883599 
316261 0.84630738523 0.255475 0.834331337325 0.06565 3.90125948748 
351491 0.840472900353 0.279225 0.834638415477 0.09387500000000001 4.05293220391 
284496 0.829418086903 0.228 0.826193766314 0.05755000000000001 3.77899913218 
377316 0.838169814218 0.35137500000000005 0.828189774298 0.06327500000000001 3.86976198066 
228682 0.838016275142 0.189375 0.837248579764 0.04637500000000001 4.03260697602 
461260 0.835559649931 0.433225 0.835866728082 0.02825 3.98636560669 
222898 0.831260555811 0.18384999999999999 0.830492860433 0.08625 3.57397686174 
466122 0.843697220943 0.3484 0.831874712114 0.018500000000000003 3.95031714189 
430777 0.850145862122 0.32302499999999995 0.838937509596 0.032575 3.91958304871 
548475 0.837248579764 0.42829999999999996 0.826500844465 0.06745 4.8859671747 
225879 0.836480884385 0.19792499999999996 0.825426070935 0.07585000000000001 3.87755815947 
155921 0.840472900353 0.133975 0.836787962536 0.12457499999999999 4.08589335555 
224451 0.842929525564 0.18635 0.843543681867 0.0382 3.99609341096 
184599 0.836787962536 0.14995 0.838476892369 0.0758 3.66989965553 
270551 0.829418086903 0.23067500000000002 0.828036235222 0.181625 3.80487352596 
404391 0.829264547827 0.32165000000000005 0.826654383541 0.06442500000000001 3.87139835892 
411066 0.844771994473 0.348125 0.838937509596 0.027775000000000005 3.92688382091 
521183 0.833410102871 0.348425 0.825426070935 0.05152500000000001 3.95455378678 
344858 0.839091048672 0.2897 0.812835866728 0.05032500000000001 4.03843071212 
317148 0.836787962536 0.26480000000000004 0.824965453708 0.077325 3.8660671341 
173737 0.841547673883 0.1408 0.836787962536 0.072825 3.93246105304 
