333131 0.842622447413 0.30105 0.8231229848 0.0177 6.984433952 
355521 0.842929525564 0.290225 0.83417779825 0.0179 7.64911432168 
359827 0.843390142791 0.2791 0.834484876401 0.03385 6.93190736724 
548314 0.841854752034 0.3655250000000001 0.839705204975 0.017675 7.0077023247 
298246 0.83985874405 0.254825 0.83095347766 0.020175000000000002 7.47393363373 
99748 0.834638415477 0.09725000000000002 0.837555657915 0.12165000000000001 8.46605567307 
122947 0.84415783817 0.08789999999999999 0.830646399509 0.09620000000000001 5.73328955393 
541132 0.829418086903 0.394375 0.829418086903 0.041225000000000005 7.15253228034 
270218 0.833410102871 0.24935000000000002 0.837862736066 0.126 6.80357731136 
316261 0.84630738523 0.255475 0.837402118839 0.032125 6.64208212937 
351491 0.840472900353 0.279225 0.834024259174 0.11862500000000001 7.96957829606 
284496 0.829418086903 0.228 0.828957469676 0.12575 7.23254112505 
377316 0.838169814218 0.35137500000000005 0.828650391525 0.014750000000000001 7.82547039676 
228682 0.838016275142 0.189375 0.830185782282 0.0472 8.00555585249 
461260 0.835559649931 0.433225 0.826807922616 0.01485 7.09525692575 
222898 0.831260555811 0.18384999999999999 0.834484876401 0.1562 7.48091319121 
466122 0.843697220943 0.3484 0.829111008752 0.011875000000000002 7.60002219363 
430777 0.850145862122 0.32302499999999995 0.843390142791 0.031475 6.93397523679 
548475 0.837248579764 0.42829999999999996 0.829571625979 0.042325 6.44093404704 
225879 0.836480884385 0.19792499999999996 0.837248579764 0.068125 7.88890439735 
155921 0.840472900353 0.133975 0.837248579764 0.08897500000000001 7.32224236334 
224451 0.842929525564 0.18635 0.836020267158 0.028925 8.09358573195 
184599 0.836787962536 0.14995 0.833563641947 0.07885 7.23337604417 
270551 0.829418086903 0.23067500000000002 0.820819898664 0.033775000000000006 8.3596578712 
404391 0.829264547827 0.32165000000000005 0.832181790266 0.033325 5.57706582397 
411066 0.844771994473 0.348125 0.831414094887 0.016725 7.88601324171 
521183 0.833410102871 0.348425 0.822355289421 0.04505 7.8625665458 
344858 0.839091048672 0.2897 0.815292491939 0.0621 6.72240865566 
317148 0.836787962536 0.26480000000000004 0.828189774298 0.04865000000000001 6.69752783425 
173737 0.841547673883 0.1408 0.83525257178 0.09065000000000001 6.95039139256 
