333131 0.842622447413 0.30105 0.832335329341 0.036625 4.21099299292 
355521 0.842929525564 0.290225 0.839244587748 0.012624999999999999 4.21252920023 
359827 0.843390142791 0.2791 0.842315369261 0.09082499999999999 5.35970603384 
548314 0.841854752034 0.3655250000000001 0.838630431445 0.027475000000000006 4.16680616333 
298246 0.83985874405 0.254825 0.830339321357 0.085475 4.03282730328 
99748 0.834638415477 0.09725000000000002 0.834945493628 0.11227500000000001 7.33913220213 
122947 0.84415783817 0.08789999999999999 0.826500844465 0.11460000000000001 3.85662163763 
541132 0.829418086903 0.394375 0.829418086903 0.03135 3.98613675787 
270218 0.833410102871 0.24935000000000002 0.830492860433 0.09699999999999999 4.02567151379 
316261 0.84630738523 0.255475 0.833256563795 0.083325 4.01697501083 
351491 0.840472900353 0.279225 0.834638415477 0.10272500000000001 4.72311786218 
284496 0.829418086903 0.228 0.830799938584 0.0902 3.99049647257 
377316 0.838169814218 0.35137500000000005 0.829418086903 0.08035 3.95758433606 
228682 0.838016275142 0.189375 0.832488868417 0.065775 4.9287805543 
461260 0.835559649931 0.433225 0.835099032704 0.015975000000000003 3.99843009837 
222898 0.831260555811 0.18384999999999999 0.831260555811 0.0983 3.88985766351 
466122 0.843697220943 0.3484 0.830492860433 0.053 4.10954684257 
430777 0.850145862122 0.32302499999999995 0.838630431445 0.022725 4.01154276757 
548475 0.837248579764 0.42829999999999996 0.82772915707 0.0441 4.03514749067 
225879 0.836480884385 0.19792499999999996 0.83310302472 0.126525 4.97296255824 
155921 0.840472900353 0.133975 0.830185782282 0.17069999999999996 4.13087825713 
224451 0.842929525564 0.18635 0.834331337325 0.040475000000000004 4.10062501031 
184599 0.836787962536 0.14995 0.831260555811 0.12402500000000001 3.8636158805 
270551 0.829418086903 0.23067500000000002 0.825118992784 0.094075 3.97397585068 
404391 0.829264547827 0.32165000000000005 0.824197758329 0.05937500000000001 3.99444417489 
411066 0.844771994473 0.348125 0.828189774298 0.019475 4.17648884047 
521183 0.833410102871 0.348425 0.818363273453 0.059275 5.13137661321 
344858 0.839091048672 0.2897 0.827422078919 0.07465 4.19071280774 
317148 0.836787962536 0.26480000000000004 0.824197758329 0.0426 4.01918192448 
173737 0.841547673883 0.1408 0.833410102871 0.055175 4.09608409181 
