3373 0.695 0.0017000000000000001 0.675 0.0007500000000000001 7.46791856585
10041 0.745 0.0019500000000000001 0.735 0.000275 7.70473977756
6825 0.745 0.0027500000000000003 0.71 0.000625 7.47535172846
4935 0.66 0.0020250000000000003 0.67 0.00095 7.30727191863
2812 0.75 0.00135 0.75 0.001125 7.43659797844
2982 0.685 0.0015500000000000002 0.69 0.0004 6.69279583036
4712 0.68 0.0014750000000000002 0.67 0.000325 6.99581414814
9106 0.66 0.0016250000000000001 0.665 0.0008749999999999999 7.53295500251
4027 0.695 0.0019 0.685 0.000475 7.61436349096
2639 0.705 0.0014500000000000001 0.715 0.001075 7.50381741059
3037 0.71 0.0017250000000000002 0.715 0.00045 7.55715918321
4219 0.735 0.001925 0.745 0.000525 7.47080570887
12172 0.785 0.002425 0.765 0.000675 7.56729278891
5000 0.775 0.0013 0.735 0.000375 7.67654971851
2393 0.775 0.0010750000000000002 0.765 0.00045 7.29809298671
2632 0.72 0.0008500000000000001 0.705 0.0005250000000000001 7.49977270592
12356 0.72 0.0024000000000000002 0.695 0.000325 7.50249238946
10099 0.69 0.0025250000000000008 0.695 0.0007500000000000001 7.70272792944
3119 0.685 0.0013750000000000001 0.685 0.00037500000000000006 7.40534265382
7106 0.705 0.001575 0.675 0.0005750000000000001 7.47345215996
2036 0.75 0.0014750000000000002 0.72 0.00025 6.27169194305
2840 0.76 0.0013 0.75 0.0008 6.83117691258
3147 0.665 0.0020250000000000003 0.66 0.00055 6.69283824773
6945 0.7 0.002075 0.69 0.0010500000000000002 7.95085069531
3641 0.735 0.0009 0.72 0.000275 7.18371384649
7255 0.705 0.0024749999999999998 0.685 0.000575 7.5741770949
5338 0.71 0.0017000000000000001 0.7 0.00017500000000000003 7.78729970883
8533 0.72 0.0012000000000000001 0.7 0.00055 7.75580152377
3835 0.695 0.001225 0.7 0.0003 7.29912569959
5396 0.715 0.0015750000000000002 0.705 0.00042500000000000003 7.20474305107 
