3373 0.695 0.0017000000000000001 0.69 0.0011749999999999998 7.15729267841
10041 0.745 0.0019500000000000001 0.74 0.000625 6.99595732573
6825 0.745 0.0027500000000000003 0.71 0.000375 7.03765908928
4935 0.66 0.0020250000000000003 0.675 0.0005250000000000001 6.76267147885
2812 0.75 0.00135 0.745 0.0009 7.12420531329
2982 0.685 0.0015500000000000002 0.69 0.0007000000000000001 5.83027164514
4712 0.68 0.0014750000000000002 0.67 0.0007000000000000001 6.55546061028
9106 0.66 0.0016250000000000001 0.66 0.00065 7.3221381886
4027 0.695 0.0019 0.685 0.00065 7.2511101995
2639 0.705 0.0014500000000000001 0.69 0.0007250000000000001 7.13386535285
3037 0.71 0.0017250000000000002 0.715 0.00055 7.16759954474
4219 0.735 0.001925 0.75 0.0007000000000000001 6.96776917276
12172 0.785 0.002425 0.765 0.000775 7.46409505024
5000 0.775 0.0013 0.74 0.000425 6.94269879944
2393 0.775 0.0010750000000000002 0.765 0.00065 7.10763008359
2632 0.72 0.0008500000000000001 0.705 0.000475 7.44755745888
12356 0.72 0.0024000000000000002 0.715 0.0007000000000000001 6.9396492384
10099 0.69 0.0025250000000000008 0.69 0.0012000000000000001 7.18563762783
3119 0.685 0.0013750000000000001 0.69 0.000375 7.25477396283
7106 0.705 0.001575 0.68 0.000475 6.67905763291
2036 0.75 0.0014750000000000002 0.725 0.000625 5.62522466974
2840 0.76 0.0013 0.75 0.0007250000000000001 6.61386794955
3147 0.665 0.0020250000000000003 0.655 0.0008749999999999999 5.57998549715
6945 0.7 0.002075 0.69 0.000675 7.68227838276
3641 0.735 0.0009 0.71 0.000425 6.8053410516
7255 0.705 0.0024749999999999998 0.69 0.0006999999999999999 7.29916220532
5338 0.71 0.0017000000000000001 0.7 0.000325 7.59637978663
8533 0.72 0.0012000000000000001 0.7 0.0007000000000000001 7.10523346814
3835 0.695 0.001225 0.7 0.0004 7.34338290544
5396 0.715 0.0015750000000000002 0.695 0.0007000000000000001 6.66714276046 
