156883 0.843390142791 0.12332500000000002 0.836941501612 0.002575 2.99984602278
139792 0.846460924305 0.11850000000000001 0.838476892369 0.019325000000000002 4.02523679939 
4365 0.828496852449 0.002825 0.823737141102 0.0023 0.247540376757 
167365 0.839244587748 0.10845000000000002 0.83310302472 0.0030499999999999998 2.78785969268 
29515 0.831874712114 0.025625 0.824658375557 0.0115 2.19738740267 
82882 0.837402118839 0.06325000000000001 0.83878397052 0.0002 1.29327489379 
130261 0.830339321357 0.09080000000000002 0.815292491939 0.00017500000000000003 3.16339282499 
36948 0.842468908337 0.022700000000000005 0.83985874405 0.0 1.48505413916 
6196 0.829264547827 0.006424999999999999 0.834638415477 0.004125 1.7526978916 
46121 0.851681252879 0.030449999999999998 0.848764010441 0.00515 0.975637771638 
163337 0.844771994473 0.12085000000000001 0.838016275142 0.0029250000000000005 3.50880262253 
108253 0.83095347766 0.148125 0.828343313373 0.07824999999999999 2.322000403 
3690 0.831107016736 0.006725 0.832642407493 0.00025 0.587853003781 
7784 0.848149854138 0.0025749999999999996 0.83095347766 0.039775 1.4037488383 
10711 0.827268539843 0.007625000000000001 0.820512820513 0.0028000000000000004 3.02593503316 
2390 0.835406110855 0.0012 0.835406110855 0.000275 0.285870003503 
329640 0.832335329341 0.216625 0.828343313373 0.01425 3.14537090373 
63471 0.844311377246 0.036775 0.826500844465 0.0022 3.31671053572 
9676 0.831721173039 0.006375 0.826961461692 0.001325 7.50271688339 
9155 0.842775986489 0.0045000000000000005 0.832949485644 0.015074999999999998 0.954631182076 
71351 0.824658375557 0.058825 0.827268539843 0.007450000000000001 5.78064278141 
11184 0.843850760018 0.0060999999999999995 0.835559649931 0.00045 0.297609565798 
113108 0.836020267158 0.080675 0.816213726393 0.0 1.32645838111 
3241 0.842622447413 0.0017 0.830646399509 0.0 1.45284309053 
5899 0.836941501612 0.0050750000000000005 0.826654383541 0.003875 1.28504321158 
39005 0.835406110855 0.049850000000000005 0.81206817135 0.002475 1.12423274251 
97803 0.839244587748 0.07955 0.833410102871 0.060600000000000015 3.18265517717 
62211 0.832335329341 0.053275 0.83095347766 0.0095 1.09663568536 
13510 0.840012283126 0.01145 0.832795946568 0.0001 1.6548908178 
26308 0.847689236911 0.011824999999999999 0.849071088592 0.020075000000000003 0.430610441227 
