156883 0.843390142791 0.12332500000000002 0.831414094887 2.5e-05 7.96282839628
139792 0.846460924305 0.11850000000000001 0.839091048672 0.014425 8.34926107349 
4365 0.828496852449 0.002825 0.814371257485 0.017925 9.69586587545 
167365 0.839244587748 0.10845000000000002 0.830646399509 0.000125 7.02951583115 
29515 0.831874712114 0.025625 0.830032243206 0.00037500000000000006 6.28463404845 
82882 0.837402118839 0.06325000000000001 0.838937509596 0.012275000000000001 6.75010281695 
130261 0.830339321357 0.09080000000000002 0.822969445724 0.0 7.35034627771 
36948 0.842468908337 0.022700000000000005 0.840626439429 0.05340000000000001 7.28830963387 
6196 0.829264547827 0.006424999999999999 0.833256563795 0.006875 5.32034504026 
46121 0.851681252879 0.030449999999999998 0.846153846154 5e-05 6.15035385325 
163337 0.844771994473 0.12085000000000001 0.834791954552 0.00235 7.22095305891 
108253 0.83095347766 0.148125 0.829264547827 0.00895 5.7216088847 
3690 0.831107016736 0.006725 0.830339321357 0.0 2.06604200104 
7784 0.848149854138 0.0025749999999999996 0.824658375557 0.0035250000000000004 2.85107291724 
10711 0.827268539843 0.007625000000000001 0.828343313373 0.0 9.38597111446 
2390 0.835406110855 0.0012 0.83202825119 0.017925 4.1123659077 
329640 0.832335329341 0.216625 0.832335329341 0.011275 6.82271890534 
63471 0.844311377246 0.036775 0.834331337325 0.0139 10.9064246357 
9676 0.831721173039 0.006375 0.823583602027 0.0 8.47198739536 
9155 0.842775986489 0.0045000000000000005 0.827422078919 0.05487500000000001 8.0550433493 
71351 0.824658375557 0.058825 0.828496852449 0.00017500000000000003 6.52863950946 
11184 0.843850760018 0.0060999999999999995 0.825272531859 0.0017250000000000004 9.84438751732 
113108 0.836020267158 0.080675 0.814831874712 0.000325 5.50931964628 
3241 0.842622447413 0.0017 0.828189774298 2.5e-05 8.5298260062 
5899 0.836941501612 0.0050750000000000005 0.828957469676 0.0 8.78361800824 
39005 0.835406110855 0.049850000000000005 0.825272531859 0.000825 6.01655071524 
97803 0.839244587748 0.07955 0.841547673883 0.038224999999999995 5.66884750856 
62211 0.832335329341 0.053275 0.824504836481 0.015575 7.88296941769 
13510 0.840012283126 0.01145 0.83095347766 0.0 7.51014971828 
26308 0.847689236911 0.011824999999999999 0.836173806234 0.0058000000000000005 7.49931130718
