156883 0.843390142791 0.12332500000000002 0.838476892369 0.0 7.73480677133
139792 0.846460924305 0.11850000000000001 0.835559649931 0.02535 7.92078208183 
4365 0.828496852449 0.002825 0.820359281437 0.024425000000000002 9.30348291841 
167365 0.839244587748 0.10845000000000002 0.828650391525 0.0 4.94578714454 
29515 0.831874712114 0.025625 0.833256563795 0.0008749999999999999 4.46889209271 
82882 0.837402118839 0.06325000000000001 0.840779978505 0.0 5.22524238903 
130261 0.830339321357 0.09080000000000002 0.821741133118 0.0011 5.9087899756 
36948 0.842468908337 0.022700000000000005 0.832335329341 0.04372500000000001 4.94095295913 
6196 0.829264547827 0.006424999999999999 0.832335329341 0.006975 3.16652525692 
46121 0.851681252879 0.030449999999999998 0.851220635652 2.5e-05 5.13568172689 
163337 0.844771994473 0.12085000000000001 0.834945493628 7.5e-05 5.54161443594 
108253 0.83095347766 0.148125 0.823430062951 0.032075 4.22750140823 
3690 0.831107016736 0.006725 0.833563641947 0.000325 2.11049795648 
7784 0.848149854138 0.0025749999999999996 0.825118992784 0.074225 2.87072425204 
10711 0.827268539843 0.007625000000000001 0.825426070935 0.001875 9.83424783216 
2390 0.835406110855 0.0012 0.832949485644 0.0101 3.77518492239 
329640 0.832335329341 0.216625 0.829571625979 0.018000000000000002 4.80443376857 
63471 0.844311377246 0.036775 0.832335329341 0.00015 10.2316522587 
9676 0.831721173039 0.006375 0.833563641947 0.0001 8.02435916182 
9155 0.842775986489 0.0045000000000000005 0.828036235222 0.016900000000000002 7.38932720034 
71351 0.824658375557 0.058825 0.822662367573 0.0002 5.80898254743 
11184 0.843850760018 0.0060999999999999995 0.825579610011 0.010625 9.80444771633 
113108 0.836020267158 0.080675 0.825118992784 0.000225 3.7738158662 
3241 0.842622447413 0.0017 0.828189774298 2.5e-05 8.37691403472 
5899 0.836941501612 0.0050750000000000005 0.831260555811 0.000425 8.58863450001 
39005 0.835406110855 0.049850000000000005 0.825733149086 0.00045 4.62426509924 
97803 0.839244587748 0.07955 0.839551665899 0.01645 4.86651329668 
62211 0.832335329341 0.053275 0.825886688162 0.017475 7.98630488126 
13510 0.840012283126 0.01145 0.826347305389 0.001925 5.08792590901 
26308 0.847689236911 0.011824999999999999 0.825733149086 5e-05 5.17158045606 
