156883 0.843390142791 0.12332500000000002 0.836020267158 7.5e-05 3.76520921828
139792 0.846460924305 0.11850000000000001 0.835099032704 0.0025 3.79438422418 
4365 0.828496852449 0.002825 0.816060187318 0.000575 9.55539530596 
167365 0.839244587748 0.10845000000000002 0.830799938584 0.0019 3.82938165517 
29515 0.831874712114 0.025625 0.827115000768 0.00695 2.98140839799 
82882 0.837402118839 0.06325000000000001 0.834024259174 0.0 3.42131338984 
130261 0.830339321357 0.09080000000000002 0.830339321357 0.0 3.9080765397 
36948 0.842468908337 0.022700000000000005 0.829725165055 0.03795 3.34107602359 
6196 0.829264547827 0.006424999999999999 0.830339321357 0.0003 5.51927875059 
46121 0.851681252879 0.030449999999999998 0.832181790266 0.0016 5.36837175288 
163337 0.844771994473 0.12085000000000001 0.842622447413 0.030350000000000002 3.492144673 
108253 0.83095347766 0.148125 0.827422078919 0.0027749999999999997 3.64243452147 
3690 0.831107016736 0.006725 0.834024259174 0.0 1.46401747927 
7784 0.848149854138 0.0025749999999999996 0.826040227238 0.0129 2.11527014845 
10711 0.827268539843 0.007625000000000001 0.831567633963 0.009775 2.3395446203 
2390 0.835406110855 0.0012 0.835099032704 0.00017500000000000003 0.422613549097 
329640 0.832335329341 0.216625 0.823737141102 0.007424999999999999 3.61529882354 
63471 0.844311377246 0.036775 0.825733149086 0.022600000000000002 9.49539131288 
9676 0.831721173039 0.006375 0.840319361277 0.015349999999999999 2.32262724992 
9155 0.842775986489 0.0045000000000000005 0.832181790266 0.014775 2.16619538882 
71351 0.824658375557 0.058825 0.825886688162 0.00017500000000000003 5.40313824041 
11184 0.843850760018 0.0060999999999999995 0.824197758329 0.00375 4.09641022374 
113108 0.836020267158 0.080675 0.816981421772 5e-05 3.33814208851 
3241 0.842622447413 0.0017 0.838630431445 0.0 1.3847783679 
5899 0.836941501612 0.0050750000000000005 0.828343313373 0.000475 5.75457441042 
39005 0.835406110855 0.049850000000000005 0.820666359589 0.00037500000000000006 2.7939732806 
97803 0.839244587748 0.07955 0.837709196991 0.01135 3.66534116409 
62211 0.832335329341 0.053275 0.828496852449 0.0 2.92081315332 
13510 0.840012283126 0.01145 0.824351297405 0.012774999999999998 2.94172803383 
26308 0.847689236911 0.011824999999999999 0.836941501612 0.021875 2.69291214843 
