156883 0.843390142791 0.12332500000000002 0.831260555811 0.0021000000000000003 1.84770477836
139792 0.846460924305 0.11850000000000001 0.839705204975 0.0144 3.0835966485 
4365 0.828496852449 0.002825 0.823583602027 0.0029749999999999998 0.272422638123 
167365 0.839244587748 0.10845000000000002 0.83310302472 0.015674999999999998 1.70114960151 
29515 0.831874712114 0.025625 0.834945493628 0.05647500000000001 1.34998832887 
82882 0.837402118839 0.06325000000000001 0.829725165055 0.013000000000000001 1.84747440041 
130261 0.830339321357 0.09080000000000002 0.825118992784 0.0017749999999999999 1.26405810436 
36948 0.842468908337 0.022700000000000005 0.828650391525 0.00685 6.26135779789 
6196 0.829264547827 0.006424999999999999 0.83417779825 0.004125 0.243095728762 
46121 0.851681252879 0.030449999999999998 0.838016275142 0.029025 0.617373539013 
163337 0.844771994473 0.12085000000000001 0.841087056656 0.064475 0.800876234487 
108253 0.83095347766 0.148125 0.829418086903 0.00075 1.97672643802 
3690 0.831107016736 0.006725 0.831414094887 0.006274999999999999 0.300348515948 
7784 0.848149854138 0.0025749999999999996 0.832795946568 0.0037750000000000006 1.02905637696 
10711 0.827268539843 0.007625000000000001 0.824197758329 0.024024999999999998 0.613732386671 
2390 0.835406110855 0.0012 0.840472900353 7.5e-05 0.271045702518 
329640 0.832335329341 0.216625 0.830185782282 0.008100000000000001 2.39193472856 
63471 0.844311377246 0.036775 0.832949485644 0.023225000000000003 0.438985413574 
9676 0.831721173039 0.006375 0.826500844465 0.00245 1.25311837544 
9155 0.842775986489 0.0045000000000000005 0.832488868417 0.06432500000000001 0.262652253536 
71351 0.824658375557 0.058825 0.824658375557 0.0020250000000000003 1.34444286103 
11184 0.843850760018 0.0060999999999999995 0.826500844465 0.00565 0.911341722142 
113108 0.836020267158 0.080675 0.825733149086 0.0033250000000000003 0.407149566944 
3241 0.842622447413 0.0017 0.829418086903 0.00595 0.235166790917 
5899 0.836941501612 0.0050750000000000005 0.8231229848 0.007324999999999999 0.999919269892 
39005 0.835406110855 0.049850000000000005 0.823583602027 0.011349999999999997 1.16078980454 
97803 0.839244587748 0.07955 0.826961461692 0.00025 2.68759221873 
62211 0.832335329341 0.053275 0.825733149086 0.018199999999999997 1.92297807453 
13510 0.840012283126 0.01145 0.831260555811 0.061500000000000006 0.152788512988 
26308 0.847689236911 0.011824999999999999 0.836787962536 0.037375000000000005 2.51434169055 
