72282 0.889306646025 0.00485 0.890412473737 0.031125
108765 0.886652659516 0.005275 0.886210328431 0.040025
162014 0.889748977109 0.0082 0.889085480482 0.02065
208826 0.891186553135 0.0092 0.890412473737 0.027725
129322 0.894172287958 0.00675 0.893840539644 0.038475
183400 0.890523056508 0.0085 0.890523056508 0.032475
131246 0.883114010837 0.0072 0.88333517638 0.036475
188783 0.890191308194 0.0076 0.888532566626 0.046
132734 0.890633639279 0.007825 0.890191308194 0.018975
130330 0.892181798076 0.00605 0.892845294703 0.0279
143210 0.8870949906 0.0075 0.886542076744 0.03825
80398 0.887758487228 0.005175 0.888974897711 0.035625
125272 0.893398208559 0.00515 0.893398208559 0.033475
119853 0.892402963618 0.006525 0.891850049762 0.03
128012 0.890854804821 0.00615 0.890523056508 0.041625
117094 0.886873825058 0.00665 0.887205573372 0.052825
112635 0.889196063253 0.00585 0.889859559881 0.026625
195813 0.890080725423 0.009925 0.890523056508 0.03675
136863 0.889527811567 0.005125 0.890301890965 0.0421
103171 0.88886431494 0.0067 0.88797965277 0.021625
141862 0.888753732169 0.007875 0.888421983855 0.0442
130122 0.886984407829 0.006425 0.886542076744 0.031675
107825 0.888200818313 0.00745 0.887758487228 0.042675
180488 0.88797965277 0.008225 0.888421983855 0.02775
132854 0.890191308194 0.00635 0.890191308194 0.023425
124344 0.891407718677 0.00615 0.890301890965 0.027175
117665 0.886873825058 0.006875 0.8870949906 0.0255
179848 0.890191308194 0.007325 0.889527811567 0.02855
134896 0.886763242287 0.007875 0.887316156143 0.0194
101050 0.886652659516 0.00685 0.887316156143 0.0367
