166989 0.897379188322 0.114175 0.898485016035 0.097475
89908 0.905009399536 0.091325 0.905672896163 0.083525
185776 0.893619374102 0.1282 0.893729956873 0.129775
101092 0.893066460245 0.068925 0.893951122415 0.078725
166202 0.893840539644 0.128175 0.890965387593 0.1326
85547 0.899590843747 0.06735 0.901139002543 0.090875
145455 0.894172287958 0.1006 0.894835784585 0.106325
214290 0.895167532898 0.1361 0.895056950127 0.151375
153665 0.897932102178 0.1053 0.896605108924 0.1899
348596 0.892845294703 0.2247 0.891186553135 0.11215
137542 0.898927347119 0.110225 0.89715802278 0.149775
118700 0.890965387593 0.0819 0.891297135906 0.16265
115079 0.893177043017 0.096325 0.892181798076 0.111125
226271 0.898263850492 0.163775 0.897489771094 0.156575
123862 0.895941612297 0.09475 0.894835784585 0.104475
104120 0.899148512662 0.0929 0.897710936636 0.1066
53063 0.890965387593 0.047 0.891297135906 0.07045
103247 0.899480260975 0.092525 0.897932102178 0.1638
112300 0.897379188322 0.07175 0.894725201814 0.114025
100544 0.895499281212 0.084275 0.894835784585 0.1096
71818 0.893729956873 0.0651 0.891407718677 0.146575
95141 0.898485016035 0.080375 0.897379188322 0.184875
122616 0.894614619042 0.106275 0.893840539644 0.11075
167020 0.894282870729 0.117475 0.8943934535 0.1269
69032 0.894946367356 0.0543 0.893840539644 0.069675
75337 0.900696671459 0.06495 0.900033174831 0.150275
78315 0.894504036271 0.076275 0.894835784585 0.106275
86755 0.894172287958 0.0637 0.89350879133 0.13855
172027 0.89627336061 0.127675 0.895609863983 0.190575
76618 0.896383943382 0.06825 0.893177043017 0.200675
