526355 0.903682406281 0.0551 0.903240075196 0.039675
354633 0.901581333628 0.0476 0.898595598806 0.032725
398763 0.89527811567 0.03645 0.894835784585 0.018325
392261 0.892513546389 0.046775 0.892292380847 0.033475
466584 0.88609974566 0.05265 0.893619374102 0.0386
459004 0.895720446754 0.050175 0.8943934535 0.0227
410734 0.90080725423 0.04535 0.901581333628 0.028375
434086 0.903903571824 0.04995 0.896052195068 0.05325
417825 0.88886431494 0.0455 0.894504036271 0.03295
403227 0.8943934535 0.0501 0.886652659516 0.0216
610074 0.900254340374 0.064525 0.900586088687 0.049
303364 0.894725201814 0.037125 0.893619374102 0.039275
528060 0.902244830255 0.058 0.901913081942 0.037575
432020 0.898153267721 0.041925 0.900475505916 0.02865
378704 0.899701426518 0.03855 0.90268716134 0.03375
440489 0.898374433263 0.05315 0.895499281212 0.026225
456861 0.89992259206 0.050125 0.89627336061 0.0354
454497 0.890854804821 0.051325 0.893619374102 0.036525
721515 0.899480260975 0.069375 0.895941612297 0.0382
324777 0.896936857238 0.044775 0.898374433263 0.0384
429433 0.893729956873 0.046625 0.892734711932 0.034475
556324 0.895499281212 0.056975 0.896936857238 0.0472
468906 0.902023664713 0.0505 0.901028419772 0.0375
404335 0.898706181577 0.046425 0.89804268495 0.0262
412300 0.89627336061 0.048925 0.89162888422 0.06145
567251 0.900254340374 0.05635 0.901249585315 0.033075
290182 0.896605108924 0.036425 0.895388698441 0.030375
360868 0.900364923145 0.0425 0.901249585315 0.036875
436876 0.902576578569 0.05065 0.896494526153 0.0274
436613 0.896052195068 0.052775 0.896715691695 0.037925
