19322 0.844771994473 0.017775 0.846614463381 0.1194
188334 0.837095040688 0.1668 0.845693228927 0.055425
50296 0.84200829111 0.042325 0.842315369261 0.009325
122605 0.836941501612 0.080375 0.830032243206 0.05405
69749 0.838937509596 0.0555 0.83202825119 0.06505
6607 0.84200829111 0.011375 0.833717181023 0.036025
52512 0.834791954552 0.052975 0.838937509596 0.047375
41107 0.836787962536 0.0197 0.839705204975 0.036
137646 0.832949485644 0.1033 0.840319361277 0.01445
66004 0.837248579764 0.046675 0.835866728082 0.13375
141622 0.842622447413 0.12095 0.840012283126 0.081725
146062 0.846460924305 0.13595 0.850145862122 0.022625
94850 0.8288039306 0.077725 0.827115000768 0.001475
10344 0.840012283126 0.003125 0.834331337325 0.00955
11232 0.831107016736 0.005425 0.830492860433 0.034875
26531 0.84093351758 0.029 0.843850760018 0.05925
80007 0.844771994473 0.04415 0.838169814218 0.006675
35239 0.840319361277 0.0365 0.837095040688 0.019325
64124 0.842929525564 0.04375 0.836941501612 0.095025
3599 0.849531705819 0.00505 0.849224627668 0.0133
44207 0.839705204975 0.060425 0.830646399509 0.09105
41813 0.832181790266 0.054275 0.83310302472 0.02185
17298 0.835099032704 0.008975 0.834638415477 0.01385
33151 0.841701212959 0.021625 0.835866728082 0.044325
61024 0.849378166743 0.054725 0.853830799939 0.078675
42565 0.84093351758 0.0354 0.841547673883 0.0037
71899 0.847382158759 0.068225 0.842622447413 0.01285
44791 0.835406110855 0.026425 0.83202825119 0.01585
160157 0.830646399509 0.1102 0.828036235222 0.05775
95904 0.842775986489 0.116525 0.844925533548 0.058325
