100837 0.845386150775 0.004475 0.844771994473 0.00535
98637 0.844311377246 0.01005 0.845539689851 0.0108
132117 0.82987870413 0.0112 0.832181790266 0.0075
78223 0.834791954552 0.003875 0.825118992784 0.0051
69910 0.815753109166 0.003625 0.830492860433 0.00505
129139 0.835406110855 0.006275 0.825426070935 0.006225
103519 0.843390142791 0.01 0.846000307078 0.008475
104493 0.832181790266 0.006825 0.837095040688 0.004625
155383 0.834791954552 0.01355 0.828650391525 0.011125
89423 0.837555657915 0.00395 0.836173806234 0.0042
107119 0.833410102871 0.005475 0.838323353293 0.004925
92452 0.825733149086 0.004725 0.830799938584 0.002725
98041 0.826500844465 0.0048 0.836327345309 0.01355
96965 0.833717181023 0.00705 0.827575617995 0.00585
118037 0.824811914632 0.01225 0.822815906648 0.01585
113468 0.836480884385 0.009825 0.837862736066 0.00765
139160 0.831260555811 0.00785 0.831107016736 0.01045
127457 0.832949485644 0.012975 0.838323353293 0.0078
112913 0.841394134807 0.013975 0.831414094887 0.014825
92679 0.837402118839 0.017775 0.84200829111 0.010975
169755 0.831721173039 0.012575 0.828957469676 0.0069
108643 0.827115000768 0.008925 0.824351297405 0.013375
97539 0.839705204975 0.00565 0.835713189007 0.006625
147586 0.835099032704 0.020425 0.832949485644 0.010875
76259 0.839398126823 0.0051 0.83417779825 0.009825
144674 0.836020267158 0.011275 0.825886688162 0.019825
119996 0.84093351758 0.007525 0.811146936895 0.006675
90600 0.83310302472 0.00445 0.823430062951 0.005175
126498 0.836941501612 0.00905 0.833870720098 0.008425
102402 0.832335329341 0.008625 0.835559649931 0.016675
