105338 0.735 0.1093 0.72 0.102825
157502 0.695 0.1 0.705 0.109525
47747 0.81 0.063875 0.815 0.05615
95724 0.74 0.088125 0.76 0.082375
100581 0.805 0.084975 0.81 0.07885
169225 0.805 0.099425 0.82 0.115425
192940 0.755 0.12225 0.75 0.11885
101959 0.825 0.109675 0.795 0.08665
76352 0.735 0.067075 0.71 0.092925
79031 0.74 0.088525 0.715 0.0802
47452 0.76 0.0595 0.77 0.019825
107567 0.75 0.088075 0.76 0.081475
144177 0.735 0.10895 0.755 0.08195
125560 0.74 0.097 0.75 0.07775
137531 0.77 0.109425 0.78 0.091875
125847 0.755 0.1065 0.755 0.092975
113588 0.775 0.1075 0.755 0.082625
153187 0.76 0.1022 0.75 0.073425
138440 0.76 0.117 0.715 0.072
128175 0.775 0.11165 0.765 0.1171
100088 0.8 0.0847 0.805 0.0629
108524 0.785 0.0735 0.79 0.080425
77254 0.795 0.085625 0.795 0.051225
133790 0.755 0.115725 0.755 0.10275
76777 0.77 0.082075 0.77 0.047225
81561 0.78 0.08415 0.76 0.08065
151646 0.76 0.12755 0.77 0.074175
157387 0.775 0.120875 0.77 0.109825
89929 0.78 0.071325 0.77 0.0639
103880 0.745 0.08285 0.765 0.101275
