247754 0.73 0.206275 0.74 0.089275
35204 0.73 0.05105 0.715 0.062525
54841 0.775 0.077975 0.775 0.141725
182785 0.795 0.126575 0.805 0.0942
169806 0.8 0.105325 0.805 0.05355
49101 0.805 0.05795 0.79 0.06285
53632 0.775 0.07975 0.79 0.04095
160633 0.85 0.155 0.85 0.05075
67912 0.785 0.070525 0.765 0.033425
84119 0.78 0.105075 0.77 0.05945
131425 0.755 0.11305 0.75 0.0576
148483 0.8 0.128825 0.795 0.148025
98365 0.79 0.11805 0.795 0.112075
109047 0.705 0.121575 0.695 0.042325
121032 0.79 0.099925 0.77 0.038725
169074 0.78 0.137825 0.765 0.021925
152298 0.72 0.12145 0.69 0.102625
174108 0.775 0.147875 0.77 0.073425
136631 0.76 0.114625 0.765 0.105925
157005 0.8 0.1367 0.785 0.08345
43556 0.755 0.048475 0.76 0.0775
139896 0.81 0.114425 0.805 0.09025
142044 0.75 0.11345 0.73 0.13315
265316 0.805 0.209225 0.8 0.108025
236344 0.8 0.18455 0.795 0.08715
161966 0.765 0.123475 0.745 0.0654
251786 0.81 0.15985 0.8 0.071475
123556 0.805 0.089675 0.79 0.0559
200060 0.77 0.18855 0.78 0.073925
134555 0.78 0.097325 0.785 0.06965
