3373 0.695 0.0017000000000000001 0.685 0.0010500000000000002 6.21377971701
10041 0.745 0.0019500000000000001 0.735 0.00095 6.36668719164
6825 0.745 0.0027500000000000003 0.71 0.000625 6.49436984459
4935 0.66 0.0020250000000000003 0.67 0.0009250000000000001 6.30906354455
2812 0.75 0.00135 0.75 0.0008 6.60186513462
2982 0.685 0.0015500000000000002 0.685 0.0013 5.12601507467
4712 0.68 0.0014750000000000002 0.67 0.0009 5.52711740121
9106 0.66 0.0016250000000000001 0.66 0.0005750000000000001 6.78795469864
4027 0.695 0.0019 0.68 0.000575 7.19306265504
2639 0.705 0.0014500000000000001 0.7 0.00095 6.96597482583
3037 0.71 0.0017250000000000002 0.71 0.00065 6.79236545506
4219 0.735 0.001925 0.745 0.000725 6.4189663755
12172 0.785 0.002425 0.765 0.000825 7.1928320046
5000 0.775 0.0013 0.74 0.0002 6.26745878431
2393 0.775 0.0010750000000000002 0.765 0.00045000000000000004 6.36097939768
2632 0.72 0.0008500000000000001 0.71 0.0007750000000000001 6.93591497744
12356 0.72 0.0024000000000000002 0.715 0.000925 6.3653797811
10099 0.69 0.0025250000000000008 0.685 0.0015250000000000003 6.72923902895
3119 0.685 0.0013750000000000001 0.685 0.0009 7.08174808977
7106 0.705 0.001575 0.68 0.0005 6.69410423538
2036 0.75 0.0014750000000000002 0.735 0.0012000000000000001 5.04852127636
2840 0.76 0.0013 0.745 0.001275 5.97268335737
3147 0.665 0.0020250000000000003 0.65 0.000825 4.75393301896
6945 0.7 0.002075 0.69 0.00085 7.43321989347
3641 0.735 0.0009 0.715 0.0005 5.91515044282
7255 0.705 0.0024749999999999998 0.69 0.00065 7.10768323305
5338 0.71 0.0017000000000000001 0.7 0.000475 7.10156166609
8533 0.72 0.0012000000000000001 0.7 0.00065 7.01526248764
3835 0.695 0.001225 0.705 0.00045 6.87836576445
5396 0.715 0.0015750000000000002 0.695 0.0007250000000000001 6.16377582197 
