43380 0.826500844465 0.008125 0.826654383541 0.004025 4.08261134905
58769 0.812682327652 0.006975 0.812835866728 0.0050750000000000005 3.76437400957
47292 0.816981421772 0.005675 0.817288499923 0.004775000000000001 3.83634935299
77544 0.81099339782 0.006575 0.809150928911 0.004675 4.21575091776
76419 0.813757101182 0.0076 0.814524796561 0.0049 3.76625668176
33555 0.826193766314 0.00625 0.826040227238 0.005475 4.51127911522
37123 0.82097343774 0.005475 0.820512820513 0.0046 4.42028203091
67497 0.817288499923 0.0060999999999999995 0.818056195302 0.004075 4.62019014214
39355 0.815446031015 0.005750000000000001 0.814985413788 0.003875 4.52501470665
37273 0.824658375557 0.00645 0.824811914632 0.003675 4.32211183301
31321 0.81667434362 0.00615 0.816367265469 0.0033750000000000004 4.01610539822
39290 0.811454015047 0.005900000000000001 0.810686319668 0.004200000000000001 3.84227813065
57511 0.821434054967 0.00605 0.821126976816 0.0034000000000000002 3.82694058084
44304 0.815138952864 0.005625 0.814831874712 0.004950000000000001 4.44135780751
41597 0.815446031015 0.005575 0.815446031015 0.00395 4.825812416
53041 0.820819898664 0.00695 0.820512820513 0.004975 4.05611608761
55633 0.815753109166 0.007249999999999999 0.817134960848 0.005124999999999999 4.10839831688
39125 0.821280515891 0.005725 0.820819898664 0.0036000000000000003 3.84916090078
61508 0.820512820513 0.0072250000000000005 0.821280515891 0.0034750000000000002 3.75852897105
52260 0.818977429756 0.006075 0.819284507907 0.004999999999999999 4.16521411105
51251 0.813450023031 0.007949999999999999 0.813910640258 0.003974999999999999 3.97047586478
69075 0.816060187318 0.006599999999999999 0.815292491939 0.0034000000000000002 4.07903110048
59071 0.81989866421 0.007025 0.819438046983 0.0046 4.08450156126
40961 0.814371257485 0.00655 0.816367265469 0.005425 3.45022397668
46450 0.830339321357 0.00645 0.829418086903 0.0031500000000000005 3.79855825874
42039 0.819284507907 0.006500000000000001 0.81989866421 0.005350000000000001 3.79707393333
33505 0.8231229848 0.006299999999999999 0.823737141102 0.0042250000000000005 4.03640851329
56512 0.816213726393 0.00555 0.814678335636 0.0036250000000000006 4.18949286609
72578 0.820512820513 0.0076749999999999995 0.82097343774 0.004425 3.67370891371
29815 0.8231229848 0.005175000000000001 0.823737141102 0.0050500000000000015 3.84353472394
