43380 0.826500844465 0.008125 0.826500844465 0.004275 3.8210032372
58769 0.812682327652 0.006975 0.812835866728 0.005725 3.51182328294
47292 0.816981421772 0.005675 0.816827882696 0.0052 3.79168880723
77544 0.81099339782 0.006575 0.809304467987 0.005275000000000001 4.05277647125
76419 0.813757101182 0.0076 0.814064179334 0.005675 3.53644301481
33555 0.826193766314 0.00625 0.826347305389 0.004425 3.9963714835
37123 0.82097343774 0.005475 0.820666359589 0.004575 3.89206827926
67497 0.817288499923 0.0060999999999999995 0.81774911715 0.004775000000000001 4.13219229946
39355 0.815446031015 0.005750000000000001 0.815138952864 0.004300000000000001 3.92708565065
37273 0.824658375557 0.00645 0.824811914632 0.004699999999999999 3.74752076434
31321 0.81667434362 0.00615 0.816520804545 0.0037250000000000004 3.92716553778
39290 0.811454015047 0.005900000000000001 0.811300475971 0.0050500000000000015 3.31386968194
57511 0.821434054967 0.00605 0.820666359589 0.00425 3.41437807413
44304 0.815138952864 0.005625 0.814064179334 0.00545 4.1577691194
41597 0.815446031015 0.005575 0.816060187318 0.0035750000000000005 4.81262499852
53041 0.820819898664 0.00695 0.820666359589 0.004775 3.86123043109
55633 0.815753109166 0.007249999999999999 0.816520804545 0.005875000000000002 4.18838565942
39125 0.821280515891 0.005725 0.820512820513 0.004025 3.73849071259
61508 0.820512820513 0.0072250000000000005 0.820666359589 0.0044 3.56089864114
52260 0.818977429756 0.006075 0.819591586059 0.004550000000000001 4.13968292909
51251 0.813450023031 0.007949999999999999 0.813450023031 0.004300000000000001 3.70990343487
69075 0.816060187318 0.006599999999999999 0.815906648242 0.004525 4.02714058959
59071 0.81989866421 0.007025 0.819284507907 0.0053 3.47014014969
40961 0.814371257485 0.00655 0.815599570091 0.00525 3.15373558907
46450 0.830339321357 0.00645 0.829418086903 0.00385 3.53328062464
42039 0.819284507907 0.006500000000000001 0.81882389068 0.0045000000000000005 3.68300075744
33505 0.8231229848 0.006299999999999999 0.824044219254 0.004450000000000001 3.86370094991
56512 0.816213726393 0.00555 0.815292491939 0.004175 4.06043785876
72578 0.820512820513 0.0076749999999999995 0.821126976816 0.0047 3.428230758
29815 0.8231229848 0.005175000000000001 0.823737141102 0.0044 3.58393126847
