142874 0.81774911715 0.00165 0.817442038999 0.00075
133345 0.818977429756 0.001825 0.818516812529 0.000625
95955 0.820666359589 0.001425 0.819745125134 0.0005
129393 0.82097343774 0.001275 0.818670351604 0.000275
125254 0.820512820513 0.002025 0.82204821127 0.00065
135780 0.815446031015 0.001675 0.816213726393 0.000625
143004 0.818977429756 0.001725 0.815446031015 0.0005
103600 0.813603562107 0.00135 0.81206817135 0.00055
138986 0.815138952864 0.001425 0.815599570091 0.0008
91088 0.81882389068 0.0021 0.819284507907 0.000575
130148 0.813296483955 0.001725 0.814064179334 0.000375
108051 0.821434054967 0.00185 0.820359281437 0.000875
166387 0.822969445724 0.001725 0.821126976816 0.0004
120679 0.809304467987 0.0016 0.808536772609 0.000925
121290 0.815753109166 0.001625 0.813757101182 0.0007
133987 0.817134960848 0.001775 0.81882389068 0.000675
147345 0.814678335636 0.0017 0.814524796561 0.00055
125222 0.81099339782 0.00125 0.81099339782 0.0004
120306 0.812528788577 0.002075 0.812528788577 0.0005
142728 0.822662367573 0.0016 0.82097343774 0.000575
133690 0.824811914632 0.0016 0.822201750345 0.000325
125422 0.826347305389 0.001725 0.826961461692 0.000375
140089 0.825272531859 0.001975 0.822969445724 0.000425
131244 0.812989405804 0.001475 0.813450023031 0.0007
130319 0.818516812529 0.00155 0.81882389068 0.0004
111104 0.828496852449 0.00155 0.827882696146 0.000375
109282 0.813757101182 0.001875 0.813603562107 0.0007
142935 0.81882389068 0.0018 0.818056195302 0.0004
89804 0.822355289421 0.00145 0.822662367573 0.0004
125362 0.816213726393 0.0016 0.812835866728 0.000525
