19322 0.844771994473 0.017775 0.837709196991 0.01695
188334 0.837095040688 0.1668 0.834484876401 0.008
50296 0.84200829111 0.042325 0.83525257178 2.5e-05
122605 0.836941501612 0.080375 0.830185782282 0.000125
69749 0.838937509596 0.0555 0.827268539843 0.006125
6607 0.84200829111 0.011375 0.831721173039 0.005775
52512 0.834791954552 0.052975 0.834484876401 0.003025
41107 0.836787962536 0.0197 0.836480884385 0.0018
137646 0.832949485644 0.1033 0.830339321357 0.016525
66004 0.837248579764 0.046675 0.842468908337 5e-05
141622 0.842622447413 0.12095 0.841854752034 0.01175
146062 0.846460924305 0.13595 0.834638415477 0.004675
94850 0.8288039306 0.077725 0.827575617995 0.031725
10344 0.840012283126 0.003125 0.837555657915 0.06035
11232 0.831107016736 0.005425 0.8288039306 0.13405
26531 0.84093351758 0.029 0.829418086903 0.006475
80007 0.844771994473 0.04415 0.841854752034 0.00775
35239 0.840319361277 0.0365 0.825579610011 0.011375
64124 0.842929525564 0.04375 0.829418086903 0.001275
3599 0.849531705819 0.00505 0.842929525564 0.030025
44207 0.839705204975 0.060425 0.83417779825 0.063675
41813 0.832181790266 0.054275 0.829264547827 0.0039
17298 0.835099032704 0.008975 0.830032243206 0.001325
33151 0.841701212959 0.021625 0.838630431445 0.00415
61024 0.849378166743 0.054725 0.850145862122 0.075775
42565 0.84093351758 0.0354 0.830492860433 0.000675
71899 0.847382158759 0.068225 0.838323353293 0.081925
44791 0.835406110855 0.026425 0.8231229848 0.063125
160157 0.830646399509 0.1102 0.8288039306 0.014575
95904 0.842775986489 0.116525 0.834638415477 0.080625
