374690 0.832335329341 0.32505 0.837095040688 0.038125
96163 0.840012283126 0.0495 0.833410102871 0.0815
184339 0.841547673883 0.093975 0.836173806234 0.081725
544522 0.84200829111 0.41205 0.839705204975 0.04785
329372 0.843850760018 0.213425 0.843697220943 0.03185
223430 0.841547673883 0.2081 0.835866728082 0.065525
334903 0.836787962536 0.242225 0.837709196991 0.06925
179734 0.837709196991 0.152325 0.831567633963 0.06625
299607 0.841240595732 0.21325 0.825733149086 0.00725
330191 0.849378166743 0.25915 0.844464916321 0.031575
318699 0.83417779825 0.283225 0.834945493628 0.055275
233065 0.839091048672 0.169325 0.836634423461 0.093575
263309 0.830032243206 0.155975 0.8231229848 0.027975
552173 0.847842775986 0.37045 0.832949485644 0.0135
368206 0.836941501612 0.357625 0.826807922616 0.0296
316753 0.837862736066 0.335625 0.817902656226 0.0418
162282 0.830646399509 0.1184 0.827268539843 0.11625
205285 0.831874712114 0.174625 0.841854752034 0.08245
284347 0.838476892369 0.2206 0.838476892369 0.078375
286489 0.843543681867 0.251175 0.838016275142 0.123675
342832 0.842468908337 0.22055 0.834024259174 0.0626
839556 0.831567633963 0.6232 0.829725165055 0.00915
415340 0.831567633963 0.281425 0.829571625979 0.098225
217276 0.827575617995 0.174125 0.811300475971 0.0062
295465 0.841854752034 0.25005 0.833256563795 0.0979
433420 0.842775986489 0.30455 0.833256563795 0.03825
270395 0.832795946568 0.24885 0.824504836481 0.061825
452739 0.826807922616 0.35295 0.826961461692 0.0647
430763 0.84093351758 0.291075 0.832335329341 0.020625
94978 0.83417779825 0.048775 0.835406110855 0.159925
