247754 0.73 0.206275 0.725 0.10075
35204 0.73 0.05105 0.73 0.082325
54841 0.775 0.077975 0.75 0.08115
182785 0.795 0.126575 0.79 0.07655
169806 0.8 0.105325 0.795 0.077525
49101 0.805 0.05795 0.81 0.03515
53632 0.775 0.07975 0.76 0.06785
160633 0.85 0.155 0.84 0.061875
67912 0.785 0.070525 0.805 0.0383
84119 0.78 0.105075 0.785 0.06605
131425 0.755 0.11305 0.785 0.04125
148483 0.8 0.128825 0.81 0.0574
98365 0.79 0.11805 0.8 0.055375
109047 0.705 0.121575 0.71 0.07025
121032 0.79 0.099925 0.79 0.065275
169074 0.78 0.137825 0.77 0.07075
152298 0.72 0.12145 0.685 0.104175
174108 0.775 0.147875 0.77 0.049625
136631 0.76 0.114625 0.75 0.04845
157005 0.8 0.1367 0.79 0.04865
43556 0.755 0.048475 0.75 0.055425
139896 0.81 0.114425 0.82 0.089025
142044 0.75 0.11345 0.755 0.09845
265316 0.805 0.209225 0.795 0.10395
236344 0.8 0.18455 0.775 0.1611
161966 0.765 0.123475 0.755 0.069975
251786 0.81 0.15985 0.78 0.07335
123556 0.805 0.089675 0.8 0.08155
200060 0.77 0.18855 0.76 0.068725
134555 0.78 0.097325 0.765 0.050375
