65218 0.73 0.093475 0.725 0.05035 1.03222039901
136439 0.75 0.1341 0.785 0.017124999999999998 3.7355404726
32476 0.77 0.04245000000000001 0.73 0.031425 1.96968194576
74253 0.73 0.10607500000000002 0.74 0.024300000000000002 2.41478785795
20068 0.775 0.009325000000000002 0.76 0.027174999999999998 0.4478388969
39938 0.795 0.04295 0.795 0.0533 1.79174130796
70555 0.72 0.08285000000000001 0.695 0.021275000000000002 2.97426012022
86960 0.75 0.086975 0.745 0.00625 2.37122496533
103323 0.755 0.09147500000000001 0.745 0.059175000000000005 1.12456374068
72607 0.735 0.093825 0.72 0.10945 3.36635011796
105194 0.715 0.115 0.71 0.033549999999999996 2.23328899608
33920 0.78 0.041325 0.755 0.029925 1.945382143
18012 0.765 0.025849999999999998 0.775 0.02995 0.922932419517
83487 0.72 0.094325 0.735 0.033549999999999996 2.52204374058
119246 0.74 0.105675 0.765 0.09705000000000003 3.8171954265
124536 0.705 0.1323 0.725 0.021425 3.32667644573
76663 0.745 0.0888 0.735 0.05152500000000001 2.70907460814
50356 0.68 0.07785 0.67 0.054275000000000004 1.74673941569
150124 0.725 0.12020000000000002 0.745 0.08662500000000001 2.368767949
41419 0.755 0.076 0.755 0.053075000000000004 2.16113359742
118612 0.715 0.13355 0.72 0.011125000000000001 2.54910198399
27788 0.76 0.03675 0.75 0.00755 1.45318956182
48367 0.735 0.069275 0.745 0.0208 1.56238502699
124964 0.755 0.122175 0.77 0.0105 4.33052753054
69947 0.75 0.08650000000000001 0.745 0.10760000000000002 1.40126609815
30408 0.75 0.038775000000000004 0.73 0.033825 1.14920441549
150166 0.71 0.143575 0.705 0.0781 2.24831395477
90858 0.78 0.124275 0.755 0.059350000000000014 1.48931465091
25087 0.745 0.0429 0.765 0.027275 1.27817851204
100124 0.755 0.12927499999999997 0.755 0.02275 3.41381602937
