65218 0.73 0.093475 0.75 0.073275 7.22388435847
136439 0.75 0.1341 0.765 0.011025 7.05612772723
32476 0.77 0.04245000000000001 0.725 0.004 6.91166382135
74253 0.73 0.10607500000000002 0.715 0.01015 7.20641306029
20068 0.775 0.009325000000000002 0.755 0.029849999999999998 3.89416141801
39938 0.795 0.04295 0.78 0.0041 7.13668942922
70555 0.72 0.08285000000000001 0.68 0.0076749999999999995 6.79329729722
86960 0.75 0.086975 0.735 0.054525000000000004 7.11660895917
103323 0.755 0.09147500000000001 0.74 0.05032500000000001 6.52486124233
72607 0.735 0.093825 0.69 0.021625000000000002 7.38902536754
105194 0.715 0.115 0.715 0.00025 7.0944170686
33920 0.78 0.041325 0.775 0.022475000000000002 6.56151846142
18012 0.765 0.025849999999999998 0.78 0.18212499999999998 5.8646002326
83487 0.72 0.094325 0.75 0.0059499999999999996 7.12610841773
119246 0.74 0.105675 0.755 0.008775 7.41081197963
124536 0.705 0.1323 0.695 0.05687500000000001 7.20795284781
76663 0.745 0.0888 0.72 0.07410000000000001 7.68065232405
50356 0.68 0.07785 0.705 0.00465 6.50602187028
150124 0.725 0.12020000000000002 0.76 0.023600000000000003 6.92263857812
41419 0.755 0.076 0.695 0.0102 6.23708249769
118612 0.715 0.13355 0.715 0.017725 7.31873841845
27788 0.76 0.03675 0.765 0.031400000000000004 6.30919947072
48367 0.735 0.069275 0.735 0.0045000000000000005 6.32906347549
124964 0.755 0.122175 0.725 0.06607500000000001 7.58880410941
69947 0.75 0.08650000000000001 0.705 0.033775000000000006 6.88778574744
30408 0.75 0.038775000000000004 0.68 0.06430000000000001 6.85904187315
150166 0.71 0.143575 0.705 0.0086 7.41308924359
90858 0.78 0.124275 0.77 0.028674999999999996 6.93546775121
25087 0.745 0.0429 0.71 0.006274999999999999 6.38101786474
100124 0.755 0.12927499999999997 0.75 0.0358 7.17562284874
