153643 0.823890680178 0.002275 0.824197758329 0.0009 3.08505434533
137133 0.820512820513 0.001725 0.819438046983 0.0010500000000000002 3.07992200781
105999 0.808690311684 0.0014500000000000001 0.808997389836 0.0007250000000000001 3.20907283419
105348 0.813757101182 0.0014750000000000002 0.814217718409 0.0007750000000000001 3.0471582567
144554 0.822969445724 0.001875 0.822969445724 0.0007000000000000001 3.11669583876
134574 0.824504836481 0.0013 0.824965453708 0.0011 3.25512717067
103145 0.811607554123 0.00165 0.81206817135 0.0008 3.19842864102
117395 0.819591586059 0.001675 0.819284507907 0.000675 3.2111827384
128157 0.816520804545 0.001675 0.816213726393 0.0007000000000000001 3.05053740008
115277 0.81989866421 0.0016250000000000001 0.820052203286 0.00115 3.09103601964
143025 0.815753109166 0.00185 0.816213726393 0.000775 2.98395734232
140269 0.826347305389 0.00165 0.824965453708 0.00075 3.20176963956
113726 0.809611546138 0.0017000000000000001 0.810072163366 0.00065 3.15889387431
143300 0.820666359589 0.0017000000000000001 0.821126976816 0.0009000000000000001 3.10663137672
155545 0.816981421772 0.00185 0.818056195302 0.000725 3.3400394802
144565 0.820512820513 0.0018 0.819438046983 0.001175 3.2354793626
110984 0.820819898664 0.0017499999999999998 0.820512820513 0.000575 3.09968629706
161098 0.819745125134 0.002225 0.821126976816 0.0011500000000000002 3.19249221001
128568 0.819591586059 0.001775 0.819438046983 0.000775 3.22939973816
179482 0.816060187318 0.0021750000000000003 0.816213726393 0.0008749999999999999 3.15941800318
134106 0.817442038999 0.0013750000000000001 0.816827882696 0.0007500000000000001 3.14563285003
109992 0.815906648242 0.0014750000000000002 0.814985413788 0.0008 3.02749258803
108902 0.818209734377 0.0017 0.818363273453 0.0008 3.13842850707
132087 0.809150928911 0.001325 0.808383233533 0.0007750000000000001 3.00873339594
159254 0.82204821127 0.00155 0.821741133118 0.000925 3.24968773477
128096 0.820819898664 0.0018500000000000003 0.819591586059 0.0008000000000000001 3.14435090503
123426 0.816213726393 0.0017499999999999998 0.817595578075 0.0008 3.30594698685
113517 0.815292491939 0.0017250000000000002 0.815906648242 0.001025 3.0815253205
126369 0.821894672194 0.001925 0.823430062951 0.0014750000000000002 3.01640517726
120540 0.813757101182 0.0016 0.813142944879 0.00065 3.09859201197
