153643 0.823890680178 0.002275 0.824658375557 0.0007000000000000001 3.21643330366
137133 0.820512820513 0.001725 0.820512820513 0.000775 3.22543059542
105999 0.808690311684 0.0014500000000000001 0.808229694457 0.000675 3.31714980376
105348 0.813757101182 0.0014750000000000002 0.813450023031 0.0007000000000000001 3.18025300865
144554 0.822969445724 0.001875 0.823737141102 0.000775 3.27427878474
134574 0.824504836481 0.0013 0.824658375557 0.0008749999999999999 3.36161275025
103145 0.811607554123 0.00165 0.812375249501 0.0007750000000000001 3.3671110355
117395 0.819591586059 0.001675 0.820205742361 0.0008 3.39165974859
128157 0.816520804545 0.001675 0.816827882696 0.000775 3.16636753584
115277 0.81989866421 0.0016250000000000001 0.819745125134 0.001025 3.23214311818
143025 0.815753109166 0.00185 0.816213726393 0.000575 3.13122050995
140269 0.826347305389 0.00165 0.824965453708 0.00075 3.32693572432
113726 0.809611546138 0.0017000000000000001 0.810532780593 0.000575 3.26743213249
143300 0.820666359589 0.0017000000000000001 0.82097343774 0.0007250000000000001 3.24284207243
155545 0.816981421772 0.00185 0.817134960848 0.0007500000000000001 3.22503822549
144565 0.820512820513 0.0018 0.818516812529 0.0011500000000000002 3.34445125576
110984 0.820819898664 0.0017499999999999998 0.820512820513 0.00055 3.19758402941
161098 0.819745125134 0.002225 0.81989866421 0.00095 3.31987499784
128568 0.819591586059 0.001775 0.818670351604 0.000775 3.37823506859
179482 0.816060187318 0.0021750000000000003 0.815599570091 0.0008500000000000001 3.28247363381
134106 0.817442038999 0.0013750000000000001 0.816520804545 0.000775 3.31284345327
109992 0.815906648242 0.0014750000000000002 0.814217718409 0.0007250000000000001 3.17521677339
108902 0.818209734377 0.0017 0.817902656226 0.0008 3.20745963584
132087 0.809150928911 0.001325 0.808690311684 0.000625 3.16191707349
159254 0.82204821127 0.00155 0.821434054967 0.00065 3.30723870731
128096 0.820819898664 0.0018500000000000003 0.819591586059 0.00105 3.22112579708
123426 0.816213726393 0.0017499999999999998 0.816827882696 0.000475 3.42766354881
113517 0.815292491939 0.0017250000000000002 0.816981421772 0.0006 3.2578720807
126369 0.821894672194 0.001925 0.824351297405 0.0009 3.27413479211
120540 0.813757101182 0.0016 0.813603562107 0.000575 3.21181927341
