153643 0.823890680178 0.002275 0.823737141102 0.00155 2.75486003842
137133 0.820512820513 0.001725 0.820512820513 0.0012 2.83196284152
105999 0.808690311684 0.0014500000000000001 0.809150928911 0.000725 3.11850025598
105348 0.813757101182 0.0014750000000000002 0.814524796561 0.0006 2.8449156225
144554 0.822969445724 0.001875 0.823583602027 0.0007500000000000001 2.80135709928
134574 0.824504836481 0.0013 0.824197758329 0.0013 2.98643219906
103145 0.811607554123 0.00165 0.811914632274 0.0009 3.12152293816
117395 0.819591586059 0.001675 0.818977429756 0.0011250000000000001 3.03739243273
128157 0.816520804545 0.001675 0.81667434362 0.0007999999999999999 2.84905034975
115277 0.81989866421 0.0016250000000000001 0.819745125134 0.0013 2.95754834346
143025 0.815753109166 0.00185 0.816213726393 0.0011250000000000001 2.80432478677
140269 0.826347305389 0.00165 0.825118992784 0.001325 2.99555471471
113726 0.809611546138 0.0017000000000000001 0.810532780593 0.00085 3.09385136829
143300 0.820666359589 0.0017000000000000001 0.820819898664 0.001175 2.92474714949
155545 0.816981421772 0.00185 0.816213726393 0.00095 2.92434302853
144565 0.820512820513 0.0018 0.819591586059 0.000925 3.05825187766
110984 0.820819898664 0.0017499999999999998 0.821587594043 0.0007250000000000001 2.90733641189
161098 0.819745125134 0.002225 0.820512820513 0.0011 3.13215123321
128568 0.819591586059 0.001775 0.81989866421 0.001 3.05020560476
179482 0.816060187318 0.0021750000000000003 0.815753109166 0.0012 3.00084398669
134106 0.817442038999 0.0013750000000000001 0.816213726393 0.0014500000000000001 2.84342042158
109992 0.815906648242 0.0014750000000000002 0.814524796561 0.00135 2.87026027974
108902 0.818209734377 0.0017 0.817442038999 0.0007250000000000001 2.82733835612
132087 0.809150928911 0.001325 0.808383233533 0.00075 2.75157460559
159254 0.82204821127 0.00155 0.821434054967 0.0010500000000000002 3.0569695641
128096 0.820819898664 0.0018500000000000003 0.819591586059 0.0011250000000000001 2.94973954022
123426 0.816213726393 0.0017499999999999998 0.816367265469 0.000675 3.14339691173
113517 0.815292491939 0.0017250000000000002 0.815292491939 0.00115 2.85976265349
126369 0.821894672194 0.001925 0.822815906648 0.0016499999999999998 2.68875457828
120540 0.813757101182 0.0016 0.814985413788 0.000775 2.86022116631
