153643 0.823890680178 0.002275 0.824197758329 0.0017250000000000002 1.7970528421
137133 0.820512820513 0.001725 0.82097343774 0.0013750000000000001 1.57025704322
105999 0.808690311684 0.0014500000000000001 0.808383233533 0.001175 1.58001057846
105348 0.813757101182 0.0014750000000000002 0.813142944879 0.00065 2.05367884755
144554 0.822969445724 0.001875 0.823737141102 0.0017000000000000001 1.51272701532
134574 0.824504836481 0.0013 0.824658375557 0.0017499999999999998 1.36605745882
103145 0.811607554123 0.00165 0.811914632274 0.00125 2.09058663471
117395 0.819591586059 0.001675 0.819745125134 0.001575 1.18059572531
128157 0.816520804545 0.001675 0.818209734377 0.0015500000000000002 1.85972263368
115277 0.81989866421 0.0016250000000000001 0.819591586059 0.0014500000000000001 1.03204552098
143025 0.815753109166 0.00185 0.815446031015 0.00135 0.956730914352
140269 0.826347305389 0.00165 0.826347305389 0.0016 1.63546319932
113726 0.809611546138 0.0017000000000000001 0.810072163366 0.001825 1.29346564508
143300 0.820666359589 0.0017000000000000001 0.820666359589 0.0010750000000000002 1.69157211863
155545 0.816981421772 0.00185 0.816367265469 0.0009 1.70688710811
144565 0.820512820513 0.0018 0.819745125134 0.0016 1.45141612414
110984 0.820819898664 0.0017499999999999998 0.820359281437 0.0015249999999999999 1.37532005038
161098 0.819745125134 0.002225 0.820359281437 0.0021000000000000003 2.12260777057
128568 0.819591586059 0.001775 0.819438046983 0.001425 1.69660709764
179482 0.816060187318 0.0021750000000000003 0.816213726393 0.002 1.61269582422
134106 0.817442038999 0.0013750000000000001 0.817442038999 0.002 1.41094764471
109992 0.815906648242 0.0014750000000000002 0.816520804545 0.001825 1.22333955398
108902 0.818209734377 0.0017 0.819130968832 0.001325 1.8974770325
132087 0.809150928911 0.001325 0.808997389836 0.0014000000000000002 1.53633631436
159254 0.82204821127 0.00155 0.82204821127 0.00205 1.81851736072
128096 0.820819898664 0.0018500000000000003 0.820512820513 0.0013750000000000001 1.5636340779
123426 0.816213726393 0.0017499999999999998 0.815753109166 0.00135 1.87414920734
113517 0.815292491939 0.0017250000000000002 0.815292491939 0.001675 0.61128232006
126369 0.821894672194 0.001925 0.822815906648 0.0015500000000000002 1.43328811783
120540 0.813757101182 0.0016 0.814371257485 0.00125 1.53329516089
