153643 0.823890680178 0.002275 0.824044219254 0.0018 2.14036208757
137133 0.820512820513 0.001725 0.820512820513 0.0015 2.31079435576
105999 0.808690311684 0.0014500000000000001 0.807922616306 0.0007000000000000001 2.68927719437
105348 0.813757101182 0.0014750000000000002 0.814064179334 0.001025 2.50331209357
144554 0.822969445724 0.001875 0.823583602027 0.001275 2.28919339892
134574 0.824504836481 0.0013 0.825426070935 0.001275 2.86251585554
103145 0.811607554123 0.00165 0.812221710425 0.0014500000000000001 2.68692110733
117395 0.819591586059 0.001675 0.819284507907 0.0007250000000000001 2.44534342561
128157 0.816520804545 0.001675 0.816213726393 0.0015249999999999997 2.21492687986
115277 0.81989866421 0.0016250000000000001 0.819591586059 0.001825 2.17714787932
143025 0.815753109166 0.00185 0.816367265469 0.0014750000000000002 2.12935021966
140269 0.826347305389 0.00165 0.825426070935 0.001275 2.62062621574
113726 0.809611546138 0.0017000000000000001 0.810839858744 0.0015249999999999999 2.81800934188
143300 0.820666359589 0.0017000000000000001 0.821280515891 0.0013 2.52423089453
155545 0.816981421772 0.00185 0.818516812529 0.0007500000000000001 2.68123183714
144565 0.820512820513 0.0018 0.820052203286 0.001325 2.82778268452
110984 0.820819898664 0.0017499999999999998 0.819438046983 0.001325 2.34804121828
161098 0.819745125134 0.002225 0.820512820513 0.0017000000000000001 2.66256702585
128568 0.819591586059 0.001775 0.81882389068 0.001175 2.36649183738
179482 0.816060187318 0.0021750000000000003 0.815292491939 0.0012 2.7417122591
134106 0.817442038999 0.0013750000000000001 0.817288499923 0.0015250000000000003 2.26267592933
109992 0.815906648242 0.0014750000000000002 0.815446031015 0.001725 2.63633615726
108902 0.818209734377 0.0017 0.81774911715 0.000925 2.10678190274
132087 0.809150928911 0.001325 0.808536772609 0.0014750000000000002 2.05084922679
159254 0.82204821127 0.00155 0.821894672194 0.001825 2.71030877516
128096 0.820819898664 0.0018500000000000003 0.819745125134 0.0015500000000000002 2.36979289848
123426 0.816213726393 0.0017499999999999998 0.815753109166 0.0007250000000000001 2.77752291175
113517 0.815292491939 0.0017250000000000002 0.815906648242 0.00095 2.26826525097
126369 0.821894672194 0.001925 0.822355289421 0.001475 2.13435652138
120540 0.813757101182 0.0016 0.814217718409 0.0007000000000000001 2.55050808176
