112499 0.890412473737 0.0063999999999999994 0.890080725423 0.00235 5.62519398935
131597 0.887869069999 0.006500000000000001 0.887205573372 0.002075 5.69954973123
111159 0.889970142652 0.006599999999999999 0.889859559881 0.0039000000000000003 5.71871883673 
122965 0.895056950127 0.006525 0.893729956873 0.0016499999999999998 5.73430435983 
117782 0.891186553135 0.0062250000000000005 0.890854804821 0.0034999999999999996 5.6317314359 
130286 0.883003428066 0.00545 0.883224593608 0.0038 5.71894007583 
102548 0.889748977109 0.00625 0.889970142652 0.00255 5.88934245236 
122181 0.889748977109 0.006625 0.891075970364 0.0031 5.82180720584 
212237 0.888090235541 0.010474999999999998 0.888090235541 0.0020250000000000003 5.70459409982 
97562 0.888532566626 0.005175000000000001 0.887316156143 0.0029749999999999998 5.68011746637 
115872 0.885325666261 0.006099999999999999 0.883666924693 0.0029249999999999996 5.55391929969 
138206 0.889085480482 0.006725 0.888311401084 0.002775 5.64902948392 
133877 0.890301890965 0.0072250000000000005 0.889638394338 0.0024749999999999998 5.64573245626 
93389 0.887758487228 0.006599999999999999 0.887869069999 0.003425 5.62530228236 
155749 0.889970142652 0.007375 0.88797965277 0.002 5.76214778827 
143251 0.889859559881 0.007875 0.88886431494 0.0023499999999999997 5.77331229066 
109913 0.892955877474 0.0067 0.893729956873 0.0022 5.68824462184 
111408 0.888532566626 0.006924999999999999 0.887426738914 0.0018 5.71815649173 
130970 0.888200818313 0.006975 0.888532566626 0.00235 5.85860891557 
112273 0.887316156143 0.007675 0.888200818313 0.003175 5.75281176996 
110487 0.891297135906 0.0067 0.892513546389 0.002875 5.61005833109 
154362 0.887758487228 0.007324999999999999 0.886652659516 0.001875 5.80052548424 
147833 0.886984407829 0.00835 0.886763242287 0.0031250000000000006 5.67558529042 
113180 0.8870949906 0.005549999999999999 0.887537321685 0.0017 5.72400270823 
100076 0.890523056508 0.005 0.891518301449 0.003275 5.82045135835 
100253 0.889748977109 0.005875000000000002 0.889417228796 0.0026750000000000003 5.69218711006 
85261 0.89074422205 0.0049250000000000006 0.889859559881 0.0017499999999999998 5.75124935061 
128762 0.891186553135 0.007175 0.890965387593 0.004625000000000001 5.77492128074 
171963 0.884109255778 0.008 0.884662169634 0.0028250000000000003 5.77154021808 
118138 0.889970142652 0.006625 0.888753732169 0.0030000000000000005 5.7267862971 
