112499 0.890412473737 0.0063999999999999994 0.889970142652 0.0022500000000000003 5.47786495017
131597 0.887869069999 0.006500000000000001 0.887205573372 0.00265 5.66244624773
111159 0.889970142652 0.006599999999999999 0.889970142652 0.0035750000000000005 5.63926132768 
122965 0.895056950127 0.006525 0.894282870729 0.0016250000000000001 5.57214146574 
117782 0.891186553135 0.0062250000000000005 0.891186553135 0.002725 5.58382841965 
130286 0.883003428066 0.00545 0.88333517638 0.0027249999999999996 5.67942483412 
102548 0.889748977109 0.00625 0.890633639279 0.0026749999999999994 5.83281006734 
122181 0.889748977109 0.006625 0.890965387593 0.0025 5.68577560538 
212237 0.888090235541 0.010474999999999998 0.888090235541 0.00335 5.63970124273 
97562 0.888532566626 0.005175000000000001 0.8870949906 0.002575 5.51626670064 
115872 0.885325666261 0.006099999999999999 0.883445759151 0.0027 5.36404530726 
138206 0.889085480482 0.006725 0.88797965277 0.002775 5.48481851565 
133877 0.890301890965 0.0072250000000000005 0.889417228796 0.003775 5.54028491666 
93389 0.887758487228 0.006599999999999999 0.888200818313 0.003125 5.48906784842 
155749 0.889970142652 0.007375 0.887647904456 0.0023250000000000002 5.68209766387 
143251 0.889859559881 0.007875 0.88886431494 0.0026750000000000003 5.66371552854 
109913 0.892955877474 0.0067 0.893951122415 0.002775 5.54478828789 
111408 0.888532566626 0.006924999999999999 0.887426738914 0.0024 5.64569554171 
130970 0.888200818313 0.006975 0.88886431494 0.00335 5.67517490438 
112273 0.887316156143 0.007675 0.887758487228 0.0031000000000000003 5.65429543264 
110487 0.891297135906 0.0067 0.892181798076 0.0025 5.41125487625 
154362 0.887758487228 0.007324999999999999 0.886984407829 0.0021500000000000004 5.60369783893 
147833 0.886984407829 0.00835 0.886542076744 0.003425 5.5378821313 
113180 0.8870949906 0.005549999999999999 0.887426738914 0.001675 5.57706711908 
100076 0.890523056508 0.005 0.892071215305 0.00355 5.65800684167 
100253 0.889748977109 0.005875000000000002 0.888643149397 0.0029749999999999998 5.5566104445 
85261 0.89074422205 0.0049250000000000006 0.889748977109 0.001875 5.6433451721 
128762 0.891186553135 0.007175 0.891407718677 0.00335 5.69093477373 
171963 0.884109255778 0.008 0.884662169634 0.0024749999999999998 5.66050158199 
118138 0.889970142652 0.006625 0.888643149397 0.00285 5.60351047353 
