112499 0.890412473737 0.0063999999999999994 0.890080725423 0.00265 5.82002302202
131597 0.887869069999 0.006500000000000001 0.886984407829 0.002 5.88400441013
111159 0.889970142652 0.006599999999999999 0.889196063253 0.0035250000000000004 5.92619291314 
122965 0.895056950127 0.006525 0.89350879133 0.0021500000000000004 5.87708564376 
117782 0.891186553135 0.0062250000000000005 0.891075970364 0.00315 5.85776627639 
130286 0.883003428066 0.00545 0.88333517638 0.0029000000000000002 5.85054121482 
102548 0.889748977109 0.00625 0.889527811567 0.0026750000000000003 5.99549717999 
122181 0.889748977109 0.006625 0.890412473737 0.0023499999999999997 5.91858081717 
212237 0.888090235541 0.010474999999999998 0.888090235541 0.00205 5.89485649892 
97562 0.888532566626 0.005175000000000001 0.886763242287 0.0018 5.93537639499 
115872 0.885325666261 0.006099999999999999 0.88333517638 0.002725 5.81344930404 
138206 0.889085480482 0.006725 0.888753732169 0.0027 5.78632688036 
133877 0.890301890965 0.0072250000000000005 0.889417228796 0.00265 5.81978827589 
93389 0.887758487228 0.006599999999999999 0.888090235541 0.00395 5.78874303993 
155749 0.889970142652 0.007375 0.887758487228 0.001825 5.88416161163 
143251 0.889859559881 0.007875 0.88797965277 0.0022 5.91095245635 
109913 0.892955877474 0.0067 0.893840539644 0.0024500000000000004 5.86415732694 
111408 0.888532566626 0.006924999999999999 0.887869069999 0.001875 5.85051157958 
130970 0.888200818313 0.006975 0.888311401084 0.002575 5.94228457313 
112273 0.887316156143 0.007675 0.888090235541 0.002775 5.89342254336 
110487 0.891297135906 0.0067 0.892624129161 0.0023250000000000002 5.84642902788 
154362 0.887758487228 0.007324999999999999 0.886763242287 0.0014750000000000002 5.9400137927 
147833 0.886984407829 0.00835 0.8870949906 0.0029250000000000005 5.87240905983 
113180 0.8870949906 0.005549999999999999 0.887758487228 0.001475 5.9089610809 
100076 0.890523056508 0.005 0.891850049762 0.0026 5.97337631343 
100253 0.889748977109 0.005875000000000002 0.887758487228 0.0029500000000000004 5.80499617893 
85261 0.89074422205 0.0049250000000000006 0.891075970364 0.0017749999999999999 5.86607832054 
128762 0.891186553135 0.007175 0.890854804821 0.003025 5.89786518312 
171963 0.884109255778 0.008 0.884662169634 0.00255 5.97138172669 
118138 0.889970142652 0.006625 0.888643149397 0.002625 5.87287582837 
