382513 0.895720446754 0.043225000000000006 0.897932102178 0.01425 5.86286547153 
475134 0.89804268495 0.04845000000000001 0.892734711932 0.019375 5.96907242037 
312829 0.900254340374 0.03515000000000001 0.895831029526 0.012399999999999998 6.02259641384 
395159 0.894725201814 0.04800000000000001 0.896605108924 0.024250000000000004 5.90247025924 
404234 0.900586088687 0.04710000000000001 0.895056950127 0.022925000000000004 5.7748563181 
648500 0.898927347119 0.07460000000000001 0.897710936636 0.022625000000000003 5.89749859577 
492935 0.896052195068 0.05102500000000001 0.894282870729 0.007124999999999999 5.94179345605 
417454 0.897710936636 0.04925000000000001 0.89527811567 0.02085 6.06177973351 
389294 0.899480260975 0.04950000000000001 0.899480260975 0.011124999999999998 5.98495221061 
483596 0.898706181577 0.049550000000000004 0.897710936636 0.00835 5.89812506035 
407385 0.902355413027 0.04297499999999999 0.892624129161 0.023525 5.97044878117 
491554 0.896162777839 0.049975000000000006 0.894282870729 0.0167 5.99078529675 
540369 0.89992259206 0.06375 0.900475505916 0.020225 6.06907023422 
509134 0.903129492425 0.06415000000000001 0.898263850492 0.008075 5.9007255158 
533691 0.897047440009 0.05657500000000001 0.899701426518 0.032225000000000004 6.00222476562 
391775 0.899369678204 0.04875000000000001 0.897489771094 0.01535 6.01897540345 
310347 0.89350879133 0.036950000000000004 0.89804268495 0.015925 5.64572335908 
251285 0.892955877474 0.030549999999999997 0.896826274466 0.011275 5.9437858295 
570406 0.89527811567 0.057025000000000006 0.900475505916 0.008824999999999998 5.95080611797 
439556 0.897821519407 0.041225000000000005 0.896826274466 0.0206 5.64502103192 
409715 0.894946367356 0.049800000000000004 0.891075970364 0.015025 5.97931899576 
429481 0.887647904456 0.04975 0.902023664713 0.012349999999999998 5.99266430878 
473174 0.899590843747 0.05285 0.897932102178 0.01015 5.9558541909 
315225 0.896383943382 0.034874999999999996 0.894282870729 0.016825 6.01642278807 
437362 0.900475505916 0.04800000000000001 0.899812009289 0.009975000000000001 5.98674255278 
322385 0.898374433263 0.034300000000000004 0.897489771094 0.019475000000000003 5.80626769902 
286035 0.891518301449 0.044375 0.890965387593 0.010450000000000001 6.01902582846 
431218 0.894504036271 0.05142500000000001 0.899037929891 0.014025000000000001 5.94557552367 
451808 0.900364923145 0.048725000000000004 0.903350657967 0.01345 6.07372715156 
375145 0.894282870729 0.041025 0.893177043017 0.023675 5.93025709602 
