382513 0.895720446754 0.043225000000000006 0.896383943382 0.007325000000000001 5.89206315658 
475134 0.89804268495 0.04845000000000001 0.89527811567 0.031375 6.02688489142 
312829 0.900254340374 0.03515000000000001 0.896715691695 0.006025 6.0581686457 
395159 0.894725201814 0.04800000000000001 0.892181798076 0.00745 5.93653855195 
404234 0.900586088687 0.04710000000000001 0.898816764348 0.0128 5.8467271451 
648500 0.898927347119 0.07460000000000001 0.898706181577 0.023975 5.93156292461 
492935 0.896052195068 0.05102500000000001 0.899148512662 0.00845 5.97342877203 
417454 0.897710936636 0.04925000000000001 0.893729956873 0.012450000000000001 6.0819758071 
389294 0.899480260975 0.04950000000000001 0.89992259206 0.0154 6.00629881387 
483596 0.898706181577 0.049550000000000004 0.894725201814 0.006750000000000001 5.92242670045 
407385 0.902355413027 0.04297499999999999 0.898153267721 0.010324999999999999 6.02402824438 
491554 0.896162777839 0.049975000000000006 0.893840539644 0.017349999999999997 6.03188012429 
540369 0.89992259206 0.06375 0.898706181577 0.00865 6.06624491609 
509134 0.903129492425 0.06415000000000001 0.896826274466 0.005849999999999999 5.94499007589 
533691 0.897047440009 0.05657500000000001 0.900586088687 0.01705 6.0176041221 
391775 0.899369678204 0.04875000000000001 0.896605108924 0.010249999999999999 6.05401161854 
310347 0.89350879133 0.036950000000000004 0.898263850492 0.008199999999999999 5.7003907185 
251285 0.892955877474 0.030549999999999997 0.89715802278 0.0173 5.98850654879 
570406 0.89527811567 0.057025000000000006 0.902023664713 0.010925 5.98451923906 
439556 0.897821519407 0.041225000000000005 0.893177043017 0.047525000000000005 5.72771516583 
409715 0.894946367356 0.049800000000000004 0.895056950127 0.016350000000000003 6.002791169 
429481 0.887647904456 0.04975 0.900475505916 0.01275 6.01477272665 
473174 0.899590843747 0.05285 0.89715802278 0.014700000000000001 5.97781210163 
315225 0.896383943382 0.034874999999999996 0.89527811567 0.015875 6.05343620394 
437362 0.900475505916 0.04800000000000001 0.893840539644 0.021500000000000005 6.00440400837 
322385 0.898374433263 0.034300000000000004 0.899812009289 0.033975 5.82654250482 
286035 0.891518301449 0.044375 0.890965387593 0.00875 6.03158057117 
431218 0.894504036271 0.05142500000000001 0.895720446754 0.009725 5.98732320588 
451808 0.900364923145 0.048725000000000004 0.904567068451 0.016875 6.08989943784 
375145 0.894282870729 0.041025 0.898485016035 0.028125 5.99719718824 
