100837 0.845386150775 0.004475 0.836327345309 0.0041
98637 0.844311377246 0.01005 0.845693228927 0.007125
132117 0.82987870413 0.0112 0.83095347766 0.0055
78223 0.834791954552 0.003875 0.832181790266 0.0032
69910 0.815753109166 0.003625 0.8288039306 0.007775
129139 0.835406110855 0.006275 0.798556732688 0.003425
103519 0.843390142791 0.01 0.84308306464 0.007975
104493 0.832181790266 0.006825 0.831567633963 0.00705
155383 0.834791954552 0.01355 0.834484876401 0.004475
89423 0.837555657915 0.00395 0.836173806234 0.0054
107119 0.833410102871 0.005475 0.832335329341 0.0037
92452 0.825733149086 0.004725 0.81989866421 0.00275
98041 0.826500844465 0.0048 0.836020267158 0.00395
96965 0.833717181023 0.00705 0.83202825119 0.011175
118037 0.824811914632 0.01225 0.8231229848 0.007025
113468 0.836480884385 0.009825 0.828496852449 0.0113
139160 0.831260555811 0.00785 0.827268539843 0.00665
127457 0.832949485644 0.012975 0.839244587748 0.008425
112913 0.841394134807 0.013975 0.837402118839 0.004875
92679 0.837402118839 0.017775 0.839705204975 0.00735
169755 0.831721173039 0.012575 0.829725165055 0.007525
108643 0.827115000768 0.008925 0.831874712114 0.005075
97539 0.839705204975 0.00565 0.829418086903 0.003075
147586 0.835099032704 0.020425 0.827575617995 0.012525
76259 0.839398126823 0.0051 0.835559649931 0.005525
144674 0.836020267158 0.011275 0.83525257178 0.008975
119996 0.84093351758 0.007525 0.828650391525 0.0047
90600 0.83310302472 0.00445 0.829264547827 0.003225
126498 0.836941501612 0.00905 0.831874712114 0.0141
102402 0.832335329341 0.008625 0.836480884385 0.006275
