159421 0.765 0.1559 0.74 0.19
147843 0.76 0.135225 0.735 0.043575
194050 0.745 0.1884 0.74 0.095125
125613 0.745 0.14505 0.745 0.11355
153083 0.755 0.1535 0.745 0.1974
136008 0.78 0.14655 0.755 0.18465
141038 0.705 0.153825 0.685 0.208475
88079 0.775 0.105925 0.74 0.14615
209755 0.705 0.1581 0.69 0.23645
183478 0.79 0.204975 0.765 0.153325
325287 0.715 0.25035 0.695 0.1358
355712 0.75 0.2888 0.735 0.090775
354413 0.735 0.260725 0.745 0.1554
129195 0.735 0.130325 0.73 0.1234
247743 0.715 0.26805 0.71 0.1349
122543 0.745 0.143625 0.745 0.205975
247901 0.75 0.226525 0.73 0.20365
114936 0.715 0.11125 0.725 0.081775
81755 0.81 0.112875 0.775 0.0906
143402 0.79 0.147925 0.775 0.20345
382003 0.755 0.30415 0.74 0.144875
142731 0.71 0.159175 0.72 0.16845
119743 0.765 0.15135 0.77 0.169225
159310 0.73 0.174675 0.745 0.22245
91116 0.725 0.09685 0.745 0.2134
269173 0.77 0.227125 0.725 0.1632
198262 0.77 0.18905 0.78 0.174425
151514 0.805 0.156775 0.77 0.10485
100963 0.725 0.138025 0.71 0.124775
228535 0.71 0.2049 0.705 0.183125
