11038 0.67 0.012675 0.675 0.00865
29479 0.715 0.013075 0.715 0.0075
43378 0.675 0.023775 0.68 0.009125
32485 0.74 0.021075 0.73 0.018925
48024 0.755 0.022575 0.77 0.0098
56937 0.685 0.03775 0.68 0.0219
59755 0.705 0.022525 0.7 0.007725
24413 0.68 0.016025 0.695 0.012625
21828 0.755 0.0174 0.755 0.013525
42481 0.7 0.030675 0.69 0.010025
12236 0.72 0.014575 0.725 0.008
33312 0.645 0.018325 0.665 0.0088
14626 0.67 0.01815 0.65 0.007825
41269 0.725 0.029675 0.705 0.01615
8391 0.72 0.014525 0.735 0.012425
26276 0.73 0.0167 0.73 0.012125
11461 0.745 0.01785 0.75 0.0112
22819 0.735 0.019525 0.705 0.018125
10397 0.72 0.013475 0.725 0.01605
16793 0.72 0.023025 0.715 0.015575
8320 0.745 0.01065 0.74 0.010775
21182 0.735 0.0142 0.74 0.009525
19801 0.71 0.012975 0.72 0.008375
37665 0.705 0.019075 0.695 0.016425
28278 0.69 0.023425 0.69 0.01225
19026 0.75 0.015775 0.745 0.0137
32397 0.655 0.018325 0.655 0.0183
33989 0.695 0.0183 0.7 0.01365
21294 0.745 0.017575 0.75 0.01145
33365 0.74 0.01845 0.74 0.01005
