3822 0.695 0.001225 0.71 0.001225
1698 0.765 0.001275 0.76 0.00115
2616 0.75 0.001225 0.76 0.000975
5474 0.7 0.0012 0.705 0.001425
2089 0.725 0.001225 0.715 0.001125
3543 0.695 0.0012 0.695 0.0018
8733 0.715 0.001925 0.71 0.0021
2362 0.72 0.001375 0.71 0.000925
2270 0.74 0.0014 0.725 0.00115
1071 0.7 0.000975 0.71 0.001125
6206 0.745 0.00215 0.73 0.0012
3944 0.71 0.0016 0.71 0.00135
8583 0.745 0.00145 0.755 0.0016
4836 0.765 0.001975 0.77 0.002375
1413 0.725 0.000825 0.725 0.00065
3535 0.685 0.000925 0.685 0.001225
3972 0.645 0.001175 0.635 0.00085
5420 0.72 0.001475 0.69 0.001125
5806 0.725 0.002075 0.72 0.001775
2915 0.695 0.001125 0.705 0.001425
2622 0.755 0.00135 0.77 0.0008
4268 0.725 0.0017 0.73 0.000975
7577 0.705 0.001975 0.7 0.001875
4717 0.715 0.00215 0.72 0.00165
2057 0.68 0.000675 0.68 0.000975
4919 0.73 0.00185 0.725 0.0013
6786 0.695 0.001875 0.685 0.0009
2477 0.78 0.000825 0.79 0.000825
4429 0.68 0.00225 0.68 0.001075
1942 0.675 0.001275 0.67 0.001475
