526355 0.903682406281 0.0551 0.902244830255 0.05315
354633 0.901581333628 0.0476 0.89350879133 0.061875
398763 0.89527811567 0.03645 0.894946367356 0.04315
392261 0.892513546389 0.046775 0.895831029526 0.1231
466584 0.88609974566 0.05265 0.890965387593 0.03625
459004 0.895720446754 0.050175 0.895941612297 0.069925
410734 0.90080725423 0.04535 0.895388698441 0.064225
434086 0.903903571824 0.04995 0.898595598806 0.04455
417825 0.88886431494 0.0455 0.894061705186 0.0581
403227 0.8943934535 0.0501 0.888421983855 0.035025
610074 0.900254340374 0.064525 0.903129492425 0.048875
303364 0.894725201814 0.037125 0.892402963618 0.052
528060 0.902244830255 0.058 0.899037929891 0.029075
432020 0.898153267721 0.041925 0.895941612297 0.0211
378704 0.899701426518 0.03855 0.903240075196 0.057575
440489 0.898374433263 0.05315 0.894282870729 0.01985
456861 0.89992259206 0.050125 0.895499281212 0.054875
454497 0.890854804821 0.051325 0.896715691695 0.31485
721515 0.899480260975 0.069375 0.901581333628 0.03735
324777 0.896936857238 0.044775 0.902134247484 0.0965
429433 0.893729956873 0.046625 0.88886431494 0.01475
556324 0.895499281212 0.056975 0.89527811567 0.0236
468906 0.902023664713 0.0505 0.901913081942 0.059475
404335 0.898706181577 0.046425 0.895388698441 0.037175
412300 0.89627336061 0.048925 0.895499281212 0.0631
567251 0.900254340374 0.05635 0.901028419772 0.0332
290182 0.896605108924 0.036425 0.893619374102 0.04935
360868 0.900364923145 0.0425 0.898485016035 0.05935
436876 0.902576578569 0.05065 0.898485016035 0.048225
436613 0.896052195068 0.052775 0.894835784585 0.034825
