166989 0.897379188322 0.114175 0.897600353865 0.091
89908 0.905009399536 0.091325 0.904235320137 0.008275
185776 0.893619374102 0.1282 0.892624129161 0.003225
101092 0.893066460245 0.068925 0.892734711932 0.012775
166202 0.893840539644 0.128175 0.891297135906 0.014025
85547 0.899590843747 0.06735 0.897268605551 0.00135
145455 0.894172287958 0.1006 0.896052195068 0.006125
214290 0.895167532898 0.1361 0.894282870729 0.00475
153665 0.897932102178 0.1053 0.896383943382 0.004775
348596 0.892845294703 0.2247 0.889970142652 0.004075
137542 0.898927347119 0.110225 0.895388698441 0.0018
118700 0.890965387593 0.0819 0.89074422205 0.003125
115079 0.893177043017 0.096325 0.892955877474 0.007175
226271 0.898263850492 0.163775 0.898485016035 0.0116
123862 0.895941612297 0.09475 0.894504036271 0.014775
104120 0.899148512662 0.0929 0.894946367356 0.003975
53063 0.890965387593 0.047 0.892513546389 0.011
103247 0.899480260975 0.092525 0.898153267721 0.00705
112300 0.897379188322 0.07175 0.892402963618 0.00485
100544 0.895499281212 0.084275 0.894835784585 0.0018
71818 0.893729956873 0.0651 0.89162888422 0.034575
95141 0.898485016035 0.080375 0.895388698441 0.004075
122616 0.894614619042 0.106275 0.8943934535 0.00345
167020 0.894282870729 0.117475 0.89350879133 0.003375
69032 0.894946367356 0.0543 0.894061705186 0.026275
75337 0.900696671459 0.06495 0.899148512662 0.00265
78315 0.894504036271 0.076275 0.891960632533 0.004125
86755 0.894172287958 0.0637 0.893177043017 0.007375
172027 0.89627336061 0.127675 0.895388698441 0.013275
76618 0.896383943382 0.06825 0.893398208559 0.0029
