72282 0.889306646025 0.00485 0.889527811567 0.01185
108765 0.886652659516 0.005275 0.885657414575 0.009175
162014 0.889748977109 0.0082 0.888753732169 0.0118
208826 0.891186553135 0.0092 0.890080725423 0.010425
129322 0.894172287958 0.00675 0.893619374102 0.013075
183400 0.890523056508 0.0085 0.890633639279 0.0125
131246 0.883114010837 0.0072 0.883003428066 0.0113
188783 0.890191308194 0.0076 0.889196063253 0.01235
132734 0.890633639279 0.007825 0.890965387593 0.0108
130330 0.892181798076 0.00605 0.890633639279 0.01025
143210 0.8870949906 0.0075 0.887316156143 0.010825
80398 0.887758487228 0.005175 0.887537321685 0.01075
125272 0.893398208559 0.00515 0.891850049762 0.0139
119853 0.892402963618 0.006525 0.892071215305 0.015575
128012 0.890854804821 0.00615 0.890854804821 0.010475
117094 0.886873825058 0.00665 0.886320911202 0.011525
112635 0.889196063253 0.00585 0.889306646025 0.00735
195813 0.890080725423 0.009925 0.889970142652 0.014725
136863 0.889527811567 0.005125 0.889417228796 0.012625
103171 0.88886431494 0.0067 0.887869069999 0.008775
141862 0.888753732169 0.007875 0.887537321685 0.009475
130122 0.886984407829 0.006425 0.888090235541 0.010475
107825 0.888200818313 0.00745 0.888753732169 0.013175
180488 0.88797965277 0.008225 0.887316156143 0.0116
132854 0.890191308194 0.00635 0.890523056508 0.006975
124344 0.891407718677 0.00615 0.890191308194 0.009925
117665 0.886873825058 0.006875 0.887316156143 0.0099
179848 0.890191308194 0.007325 0.890523056508 0.011475
134896 0.886763242287 0.007875 0.884883335176 0.00865
101050 0.886652659516 0.00685 0.8870949906 0.010875
