58501 0.846768002457 0.057 0.836787962536 0.011675
29004 0.839551665899 0.037875 0.831874712114 0.00035
14464 0.837248579764 0.013075 0.834638415477 0.000425
92819 0.848456932289 0.0682 0.838323353293 0.006725
104552 0.839091048672 0.091425 0.828650391525 0.00015
46362 0.844925533548 0.02185 0.822969445724 0.007775
46863 0.837555657915 0.04855 0.836173806234 0.00165
10568 0.840165822202 0.002225 0.835866728082 0.00355
3670 0.844311377246 0.006725 0.839091048672 0.015475
24456 0.840779978505 0.0157 0.821894672194 0.029225
43367 0.834331337325 0.020475 0.82772915707 0.0
48499 0.822969445724 0.04645 0.814064179334 7.5e-05
21920 0.840319361277 0.032025 0.817902656226 0.0002
77085 0.832181790266 0.058025 0.832181790266 0.01135
94108 0.832488868417 0.07785 0.827268539843 0.004
85856 0.836480884385 0.067125 0.83095347766 0.00555
16970 0.841087056656 0.032325 0.834945493628 0.0
176434 0.841087056656 0.12905 0.824197758329 0.00125
101617 0.83525257178 0.067275 0.829111008752 5e-05
70303 0.827882696146 0.06845 0.83095347766 0.00025
91367 0.840319361277 0.070875 0.830339321357 0.00135
33801 0.841701212959 0.034025 0.83095347766 0.026075
24093 0.84415783817 0.0192 0.837709196991 0.010325
36532 0.846921541532 0.01855 0.841087056656 0.01355
134317 0.83878397052 0.089 0.8288039306 0.000375
