159421 0.765 0.1559 0.76 0.12005
147843 0.76 0.135225 0.74 0.072475
194050 0.745 0.1884 0.74 0.0854
125613 0.745 0.14505 0.735 0.12695
153083 0.755 0.1535 0.75 0.1271
136008 0.78 0.14655 0.755 0.05265
141038 0.705 0.153825 0.68 0.05705
88079 0.775 0.105925 0.74 0.097625
209755 0.705 0.1581 0.71 0.0684
183478 0.79 0.204975 0.79 0.0629
325287 0.715 0.25035 0.74 0.077725
355712 0.75 0.2888 0.735 0.048425
354413 0.735 0.260725 0.77 0.063075
129195 0.735 0.130325 0.71 0.060875
247743 0.715 0.26805 0.71 0.110475
122543 0.745 0.143625 0.735 0.071625
247901 0.75 0.226525 0.705 0.0481
114936 0.715 0.11125 0.675 0.094925
81755 0.81 0.112875 0.815 0.117975
143402 0.79 0.147925 0.765 0.136475
382003 0.755 0.30415 0.765 0.046375
142731 0.71 0.159175 0.68 0.058475
119743 0.765 0.15135 0.77 0.141575
159310 0.73 0.174675 0.71 0.079325
91116 0.725 0.09685 0.73 0.1528
269173 0.77 0.227125 0.765 0.0481
198262 0.77 0.18905 0.75 0.066
151514 0.805 0.156775 0.81 0.0512
100963 0.725 0.138025 0.72 0.084275
228535 0.71 0.2049 0.7 0.052125
