105338 0.735 0.1093 0.72 0.123075
157502 0.695 0.1 0.705 0.123225
47747 0.81 0.063875 0.825 0.0973
95724 0.74 0.088125 0.72 0.0783
100581 0.805 0.084975 0.785 0.09865
169225 0.805 0.099425 0.81 0.13665
192940 0.755 0.12225 0.75 0.126675
101959 0.825 0.109675 0.83 0.097475
76352 0.735 0.067075 0.725 0.093625
79031 0.74 0.088525 0.71 0.085525
47452 0.76 0.0595 0.73 0.073975
107567 0.75 0.088075 0.785 0.1201
144177 0.735 0.10895 0.74 0.11615
125560 0.74 0.097 0.755 0.13925
137531 0.77 0.109425 0.76 0.10195
125847 0.755 0.1065 0.765 0.124375
113588 0.775 0.1075 0.765 0.1115
153187 0.76 0.1022 0.775 0.1218
138440 0.76 0.117 0.725 0.09455
128175 0.775 0.11165 0.755 0.0911
100088 0.8 0.0847 0.785 0.1088
108524 0.785 0.0735 0.79 0.123
77254 0.795 0.085625 0.765 0.088
133790 0.755 0.115725 0.755 0.130825
76777 0.77 0.082075 0.77 0.08895
81561 0.78 0.08415 0.775 0.100625
151646 0.76 0.12755 0.8 0.1393
157387 0.775 0.120875 0.75 0.13615
89929 0.78 0.071325 0.785 0.1134
103880 0.745 0.08285 0.765 0.086625
