65218 0.73 0.093475 0.73 0.06810000000000001 7.51605374891
136439 0.75 0.1341 0.74 0.0023250000000000002 7.73580479727
32476 0.77 0.04245000000000001 0.73 0.005425 7.4315734341
74253 0.73 0.10607500000000002 0.72 0.0095 7.56922458135
20068 0.775 0.009325000000000002 0.76 0.013774999999999999 5.79367258935
39938 0.795 0.04295 0.795 0.00095 7.45702599186
70555 0.72 0.08285000000000001 0.71 0.002375 7.1195605915
86960 0.75 0.086975 0.755 0.009899999999999999 7.576925646
103323 0.755 0.09147500000000001 0.735 0.10315000000000002 7.31325120581
72607 0.735 0.093825 0.685 0.013150000000000002 7.58229238836
105194 0.715 0.115 0.715 0.021724999999999998 7.44374854281
33920 0.78 0.041325 0.77 0.0037 6.62282337195
18012 0.765 0.025849999999999998 0.76 0.149175 6.76831432771
83487 0.72 0.094325 0.755 0.02705 7.55260390941
119246 0.74 0.105675 0.745 0.08605 7.66650017404
124536 0.705 0.1323 0.7 0.041675000000000004 7.45843470129
76663 0.745 0.0888 0.735 0.073475 7.68598486732
50356 0.68 0.07785 0.68 0.000425 7.43408622423
150124 0.725 0.12020000000000002 0.755 0.011775 7.48701118514
41419 0.755 0.076 0.73 0.0066749999999999995 7.23110562765
118612 0.715 0.13355 0.73 0.01805 7.52855960531
27788 0.76 0.03675 0.745 0.05670000000000001 7.02035856551
48367 0.735 0.069275 0.75 0.004175 6.74174016155
124964 0.755 0.122175 0.755 0.055450000000000006 7.67808761374
69947 0.75 0.08650000000000001 0.725 0.043550000000000005 7.59830403759
30408 0.75 0.038775000000000004 0.7 0.048375 7.32306367714
150166 0.71 0.143575 0.69 0.027975000000000003 7.6811767054
90858 0.78 0.124275 0.76 0.051625000000000004 7.64556106664
25087 0.745 0.0429 0.775 0.014775 6.92820155083
100124 0.755 0.12927499999999997 0.795 0.07085000000000001 7.39045975392
