65218 0.73 0.093475 0.74 0.009925 6.15582378908
136439 0.75 0.1341 0.735 0.0034750000000000002 6.32013787369
32476 0.77 0.04245000000000001 0.74 0.0036250000000000006 6.14622854271
74253 0.73 0.10607500000000002 0.7 0.0098 6.6167087111
20068 0.775 0.009325000000000002 0.77 0.037425 1.89842649683
39938 0.795 0.04295 0.785 0.025150000000000002 6.58645612683
70555 0.72 0.08285000000000001 0.69 0.003875 6.07159697015
86960 0.75 0.086975 0.725 0.020600000000000004 6.21424527208
103323 0.755 0.09147500000000001 0.75 0.021800000000000007 6.19585943845
72607 0.735 0.093825 0.7 0.023900000000000005 6.49794369029
105194 0.715 0.115 0.745 0.001225 6.39596236719
33920 0.78 0.041325 0.76 0.029750000000000002 5.50736354897
18012 0.765 0.025849999999999998 0.76 0.0425 4.644214015
83487 0.72 0.094325 0.725 0.0368 6.26498711319
119246 0.74 0.105675 0.77 0.01745 6.4440899121
124536 0.705 0.1323 0.685 0.053075000000000004 6.62750732049
76663 0.745 0.0888 0.77 0.00745 7.04190344974
50356 0.68 0.07785 0.705 0.0246 6.18580447958
150124 0.725 0.12020000000000002 0.75 0.045899999999999996 6.31739537235
41419 0.755 0.076 0.715 0.010425 6.09722861728
118612 0.715 0.13355 0.705 0.009949999999999999 6.72654709418
27788 0.76 0.03675 0.73 0.016725 5.90248395019
48367 0.735 0.069275 0.75 0.001175 5.70773538804
124964 0.755 0.122175 0.745 0.075625 7.1728552644
69947 0.75 0.08650000000000001 0.695 0.068625 6.42193788364
30408 0.75 0.038775000000000004 0.73 0.032125 5.48792929795
150166 0.71 0.143575 0.69 0.015899999999999997 6.50652183162
90858 0.78 0.124275 0.775 0.02795 6.13505236217
25087 0.745 0.0429 0.76 0.026875 5.72102117968
100124 0.755 0.12927499999999997 0.765 0.044625000000000005 6.48685501024
