65218 0.73 0.093475 0.725 0.04620000000000001 7.26137667887
136439 0.75 0.1341 0.745 0.003775 7.59701383709
32476 0.77 0.04245000000000001 0.72 0.007825 7.12465904508
74253 0.73 0.10607500000000002 0.72 0.0097 7.37321395422
20068 0.775 0.009325000000000002 0.76 0.043925 5.48571340173
39938 0.795 0.04295 0.79 0.0038 7.37894500799
70555 0.72 0.08285000000000001 0.705 0.0019500000000000001 7.17291757137
86960 0.75 0.086975 0.745 0.023400000000000004 7.56067848441
103323 0.755 0.09147500000000001 0.745 0.0412 6.99972611727
72607 0.735 0.093825 0.705 0.010225 7.42633057365
105194 0.715 0.115 0.715 0.00025 7.37635883347
33920 0.78 0.041325 0.76 0.006425000000000001 6.78722281615
18012 0.765 0.025849999999999998 0.755 0.11457500000000001 6.61324947928
83487 0.72 0.094325 0.755 0.00465 7.48053487864
119246 0.74 0.105675 0.745 0.05812500000000001 7.67429409831
124536 0.705 0.1323 0.725 0.03015 7.52277076117
76663 0.745 0.0888 0.745 0.0218 7.90216184896
50356 0.68 0.07785 0.68 0.00685 6.90801117686
150124 0.725 0.12020000000000002 0.75 0.021075 7.67968056454
41419 0.755 0.076 0.73 0.008825 7.28551632882
118612 0.715 0.13355 0.74 0.005675000000000001 7.17094470135
27788 0.76 0.03675 0.74 0.013475 6.85766884072
48367 0.735 0.069275 0.74 0.016225 6.85603934276
124964 0.755 0.122175 0.775 0.0018 7.78048148056
69947 0.75 0.08650000000000001 0.72 0.131525 7.20522368908
30408 0.75 0.038775000000000004 0.7 0.05485000000000001 7.29208172421
150166 0.71 0.143575 0.68 0.04682500000000001 7.57609127674
90858 0.78 0.124275 0.765 0.027925 7.50869913646
25087 0.745 0.0429 0.765 0.019850000000000003 7.29994171238
100124 0.755 0.12927499999999997 0.76 0.054275000000000004 7.46428235791
