69558 0.785 0.08900000000000002 0.75 0.0377 7.65933728916 
116177 0.73 0.080175 0.785 0.075825 7.41998540047 
77786 0.755 0.08025 0.76 0.04067500000000001 7.70754678203 
108902 0.815 0.085775 0.815 0.06245 7.57946624014 
137160 0.705 0.10517500000000002 0.695 0.061475 7.40880782491 
108530 0.715 0.08905000000000002 0.7 0.03445 7.67009904751 
89339 0.76 0.075975 0.76 0.023950000000000006 7.47326630258 
93195 0.825 0.08227499999999999 0.82 0.06137500000000001 7.56509172703 
88352 0.765 0.09022500000000001 0.745 0.025900000000000003 7.51364209195 
146983 0.805 0.11492500000000001 0.79 0.0703 7.55534943563 
118743 0.8 0.10495000000000002 0.78 0.05152500000000001 7.52388386124 
117665 0.745 0.09442500000000001 0.73 0.036175 7.37772199018 
91410 0.715 0.073175 0.745 0.058825 7.40742937806 
94027 0.775 0.09665000000000001 0.795 0.04772500000000001 7.44581693822 
101492 0.78 0.11207500000000001 0.79 0.057925000000000004 7.41406864126 
111153 0.78 0.09700000000000003 0.785 0.063025 7.54500946138 
62812 0.745 0.06657500000000001 0.765 0.04870000000000001 7.29190548014 
106049 0.805 0.08015 0.785 0.05265 7.21896205228 
75670 0.775 0.06 0.79 0.041225000000000005 7.19716803684 
91490 0.72 0.0719 0.755 0.04057500000000001 7.62375821137 
152155 0.735 0.11800000000000001 0.74 0.07255 7.58084668976 
76202 0.735 0.06437500000000002 0.72 0.038849999999999996 7.58400056078 
118604 0.75 0.082375 0.775 0.05672500000000001 7.47817088768 
82149 0.745 0.084725 0.755 0.05012500000000001 7.41597943911 
68585 0.735 0.08842500000000002 0.75 0.04880000000000001 7.60738113194 
81226 0.75 0.087875 0.745 0.04227499999999999 7.13689430605 
74486 0.755 0.07390000000000001 0.745 0.03175 7.46394427594 
87697 0.8 0.08620000000000001 0.825 0.039425 7.53669926353 
135626 0.79 0.1176 0.775 0.05505000000000001 7.63404075437 
92605 0.835 0.08815 0.815 0.028175 7.63266357825 
