69558 0.785 0.08900000000000002 0.745 0.028650000000000002 6.80239736131 
116177 0.73 0.080175 0.78 0.08257500000000001 6.72855894231 
77786 0.755 0.08025 0.76 0.05462500000000001 7.14304958867 
108902 0.815 0.085775 0.815 0.059050000000000005 7.07841710451 
137160 0.705 0.10517500000000002 0.715 0.05285 7.19026174178 
108530 0.715 0.08905000000000002 0.71 0.037875 7.64125618097 
89339 0.76 0.075975 0.765 0.039775 7.08056492025 
93195 0.825 0.08227499999999999 0.805 0.05730000000000001 6.91957530152 
88352 0.765 0.09022500000000001 0.755 0.0316 6.91924376654 
146983 0.805 0.11492500000000001 0.785 0.07260000000000001 7.04374283836 
118743 0.8 0.10495000000000002 0.765 0.05477500000000001 7.27995995834 
117665 0.745 0.09442500000000001 0.74 0.06057500000000001 7.23566021083 
91410 0.715 0.073175 0.745 0.065375 6.82102663551 
94027 0.775 0.09665000000000001 0.78 0.046 7.0259468975 
101492 0.78 0.11207500000000001 0.785 0.04767500000000001 7.05899811601 
111153 0.78 0.09700000000000003 0.795 0.04652500000000001 7.00157904187 
62812 0.745 0.06657500000000001 0.77 0.05592500000000001 6.75852872115 
106049 0.805 0.08015 0.785 0.0608 7.13716458378 
75670 0.775 0.06 0.79 0.032125 6.58096732579 
91490 0.72 0.0719 0.735 0.037575000000000004 6.94114414997 
152155 0.735 0.11800000000000001 0.73 0.074475 7.55394837817 
76202 0.735 0.06437500000000002 0.715 0.045500000000000006 7.25263038746 
118604 0.75 0.082375 0.765 0.05682500000000001 6.78423669468 
82149 0.745 0.084725 0.775 0.054750000000000014 6.84883698252 
68585 0.735 0.08842500000000002 0.73 0.04494999999999999 6.92536697717 
81226 0.75 0.087875 0.74 0.044075 7.26546697772 
74486 0.755 0.07390000000000001 0.74 0.03615 6.8538473417 
87697 0.8 0.08620000000000001 0.815 0.042875 6.84873037973 
135626 0.79 0.1176 0.77 0.052750000000000005 7.00615888762 
92605 0.835 0.08815 0.82 0.029575 7.17665691523 
