69558 0.785 0.08900000000000002 0.775 0.039425 7.33474679418 
116177 0.73 0.080175 0.78 0.08 7.19614013061 
77786 0.755 0.08025 0.755 0.04515 6.9535455997 
108902 0.815 0.085775 0.8 0.05555000000000001 7.19964284333 
137160 0.705 0.10517500000000002 0.71 0.067575 7.47026421417 
108530 0.715 0.08905000000000002 0.71 0.036925000000000006 7.33432119791 
89339 0.76 0.075975 0.76 0.042249999999999996 7.27287077553 
93195 0.825 0.08227499999999999 0.825 0.0663 7.34887441367 
88352 0.765 0.09022500000000001 0.745 0.025699999999999997 7.19853307201 
146983 0.805 0.11492500000000001 0.78 0.07150000000000001 7.34172541009 
118743 0.8 0.10495000000000002 0.775 0.035750000000000004 7.37249899171 
117665 0.745 0.09442500000000001 0.765 0.0391 7.30183527257 
91410 0.715 0.073175 0.75 0.055075000000000006 7.12512998691 
94027 0.775 0.09665000000000001 0.815 0.0529 7.41811400892 
101492 0.78 0.11207500000000001 0.785 0.06115 6.98161680451 
111153 0.78 0.09700000000000003 0.8 0.033425 7.63858866624 
62812 0.745 0.06657500000000001 0.77 0.05505000000000001 6.99564271073 
106049 0.805 0.08015 0.79 0.050499999999999996 7.25387811535 
75670 0.775 0.06 0.785 0.035975 7.27268998724 
91490 0.72 0.0719 0.76 0.045724999999999995 7.39689259333 
152155 0.735 0.11800000000000001 0.73 0.0717 7.45029552649 
76202 0.735 0.06437500000000002 0.715 0.04255 7.42057340096 
118604 0.75 0.082375 0.775 0.069675 7.46047634241 
82149 0.745 0.084725 0.75 0.05655000000000001 7.10289677015 
68585 0.735 0.08842500000000002 0.765 0.043175000000000005 7.04728223637 
81226 0.75 0.087875 0.74 0.03155 6.88954973508 
74486 0.755 0.07390000000000001 0.73 0.03225 7.14717748441 
87697 0.8 0.08620000000000001 0.82 0.053200000000000004 7.2380839535 
135626 0.79 0.1176 0.76 0.039850000000000003 7.51654311626 
92605 0.835 0.08815 0.825 0.0332 7.5278954718 
