69558 0.785 0.08900000000000002 0.785 0.042550000000000004 7.95118073857 
116177 0.73 0.080175 0.775 0.08765 7.84764074663 
77786 0.755 0.08025 0.735 0.04125 7.98956038431 
108902 0.815 0.085775 0.795 0.06417500000000001 7.86787174239 
137160 0.705 0.10517500000000002 0.7 0.0484 7.87876020033 
108530 0.715 0.08905000000000002 0.705 0.038325000000000005 7.98161662495 
89339 0.76 0.075975 0.775 0.04495000000000001 7.94018879939 
93195 0.825 0.08227499999999999 0.82 0.06470000000000001 7.79788265405 
88352 0.765 0.09022500000000001 0.75 0.026225000000000005 7.88986317604 
146983 0.805 0.11492500000000001 0.79 0.08995000000000002 7.78113629081 
118743 0.8 0.10495000000000002 0.755 0.045925 8.06296664622 
117665 0.745 0.09442500000000001 0.735 0.0525 7.7619859502 
91410 0.715 0.073175 0.745 0.065375 7.56785114835 
94027 0.775 0.09665000000000001 0.785 0.04335000000000001 7.93510972436 
101492 0.78 0.11207500000000001 0.76 0.05575 7.88834659308 
111153 0.78 0.09700000000000003 0.79 0.05055 7.83183919524 
62812 0.745 0.06657500000000001 0.765 0.048850000000000005 7.44995066271 
106049 0.805 0.08015 0.78 0.051625000000000004 7.83961799513 
75670 0.775 0.06 0.79 0.04 7.72022013934 
91490 0.72 0.0719 0.775 0.047725 7.84520402046 
152155 0.735 0.11800000000000001 0.73 0.07865 7.88601366582 
76202 0.735 0.06437500000000002 0.71 0.045125 7.92608876292 
118604 0.75 0.082375 0.765 0.05755000000000001 7.9785302405 
82149 0.745 0.084725 0.75 0.04862500000000001 7.84562510014 
68585 0.735 0.08842500000000002 0.755 0.038275 7.76869517235 
81226 0.75 0.087875 0.735 0.038674999999999994 7.69262102277 
74486 0.755 0.07390000000000001 0.75 0.033125 7.62324884392 
87697 0.8 0.08620000000000001 0.825 0.038650000000000004 7.82371975812 
135626 0.79 0.1176 0.765 0.044125 7.94210534312 
92605 0.835 0.08815 0.81 0.030425000000000004 7.71842095813 
