411419 0.83878397052 0.009025 0.831260555811 0.00285
484270 0.829571625979 0.013425 0.830032243206 0.00965
216913 0.831414094887 0.005575 0.832488868417 0.002775
332675 0.826040227238 0.0064 0.8288039306 0.014925
296194 0.832642407493 0.021775 0.835406110855 0.0122
631126 0.832335329341 0.012125 0.833717181023 0.01085
296599 0.836941501612 0.012175 0.829111008752 0.012075
568596 0.834331337325 0.03125 0.832642407493 0.009675
600721 0.83202825119 0.028375 0.829725165055 0.009775
666370 0.828650391525 0.030925 0.823737141102 0.01595
486787 0.834638415477 0.014725 0.836327345309 0.00655
914426 0.838476892369 0.021075 0.834945493628 0.016475
269176 0.838937509596 0.015875 0.82772915707 0.01785
423203 0.839705204975 0.012475 0.833563641947 0.017075
515870 0.841854752034 0.014225 0.840626439429 0.00435
511954 0.83878397052 0.02275 0.828650391525 0.00695
376070 0.832181790266 0.0266 0.831260555811 0.0072
647837 0.836327345309 0.025125 0.836787962536 0.003625
496868 0.832795946568 0.011775 0.83202825119 0.004875
1202951 0.838630431445 0.0255 0.827268539843 0.00555
659111 0.830032243206 0.01645 0.831260555811 0.00475
520556 0.835866728082 0.01875 0.836173806234 0.01245
818811 0.840165822202 0.02765 0.828189774298 0.006825
622188 0.831874712114 0.0309 0.8288039306 0.006625
674973 0.833870720098 0.02155 0.834945493628 0.0084
196280 0.824044219254 0.0118 0.820205742361 0.013275
463723 0.832949485644 0.016525 0.834791954552 0.018825
258257 0.830646399509 0.00595 0.834791954552 0.0032
312601 0.834024259174 0.00765 0.83525257178 0.010875
395896 0.835713189007 0.0147 0.839398126823 0.010525
