286808 0.829111008752 0.167075 0.826040227238 0.0573
287717 0.837095040688 0.058225 0.841854752034 0.123075
332098 0.832949485644 0.192475 0.832795946568 0.06745
156533 0.83202825119 0.081675 0.834331337325 0.0802
261650 0.825426070935 0.0721 0.831414094887 0.019875
138713 0.825886688162 0.03895 0.833717181023 0.06605
136252 0.830646399509 0.03525 0.827422078919 0.071175
103171 0.828957469676 0.02065 0.835866728082 0.057
132330 0.839398126823 0.119775 0.836787962536 0.043075
201806 0.836020267158 0.042575 0.834331337325 0.030975
308718 0.835866728082 0.1705 0.836173806234 0.0914
239920 0.833410102871 0.0993 0.828496852449 0.080075
234794 0.837862736066 0.0377 0.838937509596 0.083325
130954 0.834791954552 0.02285 0.838169814218 0.030775
174638 0.84200829111 0.044 0.828957469676 0.092575
242734 0.817288499923 0.123475 0.818516812529 0.0368
306651 0.838016275142 0.162275 0.835559649931 0.03515
189423 0.826193766314 0.103 0.836173806234 0.04595
400363 0.838937509596 0.2227 0.838476892369 0.04375
324613 0.827422078919 0.09855 0.835406110855 0.0608
156861 0.835406110855 0.034 0.840012283126 0.03775
165455 0.83525257178 0.070225 0.830799938584 0.03225
330030 0.835099032704 0.092575 0.838016275142 0.04945
240864 0.83525257178 0.042 0.828957469676 0.0532
130390 0.838630431445 0.044 0.826347305389 0.037625
265302 0.832181790266 0.114325 0.824965453708 0.05105
194020 0.82987870413 0.104775 0.825272531859 0.032975
374589 0.825426070935 0.29545 0.829571625979 0.07945
215521 0.829111008752 0.076175 0.833256563795 0.0202
234682 0.820359281437 0.066675 0.83095347766 0.0302
