36942 0.821434054967 0.019225 0.821894672194 0.01125
52809 0.821126976816 0.020275 0.820205742361 0.009125
71238 0.813450023031 0.026325 0.813296483955 0.0129
53183 0.818516812529 0.02185 0.81667434362 0.012475
47988 0.826347305389 0.0194 0.826654383541 0.01285
36572 0.823583602027 0.020775 0.824658375557 0.0102
37300 0.819130968832 0.01915 0.819130968832 0.0147
36565 0.827575617995 0.021775 0.827115000768 0.010875
32780 0.81774911715 0.020775 0.818209734377 0.01035
36288 0.818670351604 0.0199 0.816520804545 0.013975
37032 0.812375249501 0.021375 0.812682327652 0.0153
40928 0.821126976816 0.017125 0.821126976816 0.01085
33060 0.819745125134 0.019325 0.81989866421 0.009975
40225 0.81774911715 0.01685 0.817288499923 0.011525
49410 0.809150928911 0.02335 0.809150928911 0.01225
40505 0.816520804545 0.020925 0.817595578075 0.013725
48130 0.816981421772 0.020975 0.81667434362 0.010325
37329 0.823430062951 0.018925 0.8231229848 0.012725
53964 0.822815906648 0.02205 0.823276523875 0.01115
51213 0.82204821127 0.021575 0.822355289421 0.009475
50927 0.817442038999 0.021625 0.816827882696 0.011475
30815 0.81774911715 0.0151 0.817902656226 0.009
43644 0.804851834792 0.01975 0.80561953017 0.0141
41242 0.81667434362 0.020675 0.816520804545 0.0104
47218 0.822815906648 0.01965 0.821280515891 0.010925
38013 0.812682327652 0.015125 0.812375249501 0.008925
48895 0.822201750345 0.0221 0.822201750345 0.010075
42948 0.823583602027 0.02305 0.823276523875 0.0123
31217 0.811300475971 0.019025 0.810839858744 0.011975
38212 0.817902656226 0.0216 0.81774911715 0.011475
