11038 0.67 0.012675 0.665 0.009025
29479 0.715 0.013075 0.72 0.007975
43378 0.675 0.023775 0.68 0.0081
32485 0.74 0.021075 0.765 0.01345
48024 0.755 0.022575 0.745 0.01035
56937 0.685 0.03775 0.695 0.007075
59755 0.705 0.022525 0.7 0.0076
24413 0.68 0.016025 0.7 0.0149
21828 0.755 0.0174 0.755 0.008425
42481 0.7 0.030675 0.69 0.011525
12236 0.72 0.014575 0.715 0.007625
33312 0.645 0.018325 0.67 0.00665
14626 0.67 0.01815 0.665 0.010175
41269 0.725 0.029675 0.71 0.011425
8391 0.72 0.014525 0.74 0.012075
26276 0.73 0.0167 0.73 0.00845
11461 0.745 0.01785 0.755 0.014
22819 0.735 0.019525 0.72 0.012575
10397 0.72 0.013475 0.715 0.009575
16793 0.72 0.023025 0.74 0.009825
8320 0.745 0.01065 0.745 0.012325
21182 0.735 0.0142 0.735 0.0165
19801 0.71 0.012975 0.735 0.010575
37665 0.705 0.019075 0.705 0.01415
28278 0.69 0.023425 0.7 0.011725
19026 0.75 0.015775 0.73 0.013575
32397 0.655 0.018325 0.655 0.014775
33989 0.695 0.0183 0.68 0.008025
21294 0.745 0.017575 0.75 0.014925
33365 0.74 0.01845 0.745 0.01395
