159421 0.765 0.1559 0.745 0.123575
147843 0.76 0.135225 0.775 0.12105
194050 0.745 0.1884 0.735 0.14485
125613 0.745 0.14505 0.735 0.18135
153083 0.755 0.1535 0.73 0.1996
136008 0.78 0.14655 0.745 0.2073
141038 0.705 0.153825 0.685 0.172975
88079 0.775 0.105925 0.745 0.156475
209755 0.705 0.1581 0.69 0.132
183478 0.79 0.204975 0.755 0.15045
325287 0.715 0.25035 0.705 0.138175
355712 0.75 0.2888 0.72 0.1287
354413 0.735 0.260725 0.735 0.143075
129195 0.735 0.130325 0.73 0.10285
247743 0.715 0.26805 0.73 0.1897
122543 0.745 0.143625 0.74 0.11825
247901 0.75 0.226525 0.745 0.18785
114936 0.715 0.11125 0.725 0.12055
81755 0.81 0.112875 0.775 0.1354
143402 0.79 0.147925 0.785 0.103075
382003 0.755 0.30415 0.715 0.2296
142731 0.71 0.159175 0.685 0.177325
119743 0.765 0.15135 0.775 0.112
159310 0.73 0.174675 0.71 0.1558
91116 0.725 0.09685 0.74 0.221375
269173 0.77 0.227125 0.745 0.21075
198262 0.77 0.18905 0.75 0.136575
151514 0.805 0.156775 0.775 0.13915
100963 0.725 0.138025 0.755 0.190475
228535 0.71 0.2049 0.69 0.109025
