80989 0.74 0.080325 0.725 0.04325
159336 0.66 0.152375 0.67 0.0835
85188 0.71 0.11 0.71 0.15015
15749 0.71 0.028725 0.71 0.024975
145096 0.73 0.131225 0.71 0.067325
27426 0.675 0.034875 0.665 0.04885
110766 0.77 0.136525 0.775 0.13675
63410 0.705 0.07565 0.745 0.024575
22418 0.815 0.031875 0.81 0.0479
128533 0.74 0.152425 0.755 0.1303
12905 0.68 0.022225 0.68 0.0065
68954 0.745 0.08045 0.72 0.1019
10355 0.705 0.01005 0.695 0.055725
91426 0.835 0.0927 0.815 0.13495
12595 0.745 0.018875 0.715 0.074925
47079 0.775 0.050425 0.77 0.037925
78484 0.735 0.0848 0.74 0.04965
154015 0.78 0.12795 0.765 0.0466
57594 0.755 0.08675 0.715 0.002125
176533 0.715 0.157575 0.74 0.0821
119944 0.725 0.123225 0.73 0.0959
90226 0.79 0.103375 0.76 0.066175
41692 0.735 0.068475 0.78 0.02955
235201 0.77 0.17725 0.765 0.0751
133343 0.7 0.147275 0.735 0.10555
122739 0.745 0.127925 0.71 0.037375
106961 0.74 0.1278 0.735 0.049775
60504 0.735 0.089625 0.73 0.015525
90654 0.755 0.07835 0.75 0.069375
151529 0.735 0.14655 0.685 0.0666
