333131 0.842622447413 0.30105 0.821280515891 0.02605 6.53862716836 
355521 0.842929525564 0.290225 0.837709196991 0.020724999999999997 6.13214865798 
359827 0.843390142791 0.2791 0.834945493628 0.041025 5.3292984878 
548314 0.841854752034 0.3655250000000001 0.838476892369 0.020475000000000004 5.24371797674 
298246 0.83985874405 0.254825 0.832488868417 0.0307 5.99383454365 
99748 0.834638415477 0.09725000000000002 0.834024259174 0.1059 8.07969838248 
122947 0.84415783817 0.08789999999999999 0.831874712114 0.1284 4.45425461572 
541132 0.829418086903 0.394375 0.833256563795 0.019125 5.38499140416 
270218 0.833410102871 0.24935000000000002 0.832949485644 0.09082499999999999 5.24363580531 
316261 0.84630738523 0.255475 0.837709196991 0.06807500000000001 5.40757863342 
351491 0.840472900353 0.279225 0.830032243206 0.091825 6.86152875282 
284496 0.829418086903 0.228 0.828189774298 0.10895000000000002 6.84968382176 
377316 0.838169814218 0.35137500000000005 0.826500844465 0.018725000000000002 6.90448506557 
228682 0.838016275142 0.189375 0.830799938584 0.0408 7.15572380671 
461260 0.835559649931 0.433225 0.826040227238 0.036975 5.01973547047 
222898 0.831260555811 0.18384999999999999 0.838169814218 0.09960000000000001 7.10673648687 
466122 0.843697220943 0.3484 0.83202825119 0.021375 5.78340512507 
430777 0.850145862122 0.32302499999999995 0.835406110855 0.021225000000000004 4.6940888003 
548475 0.837248579764 0.42829999999999996 0.838476892369 0.032825 5.02963883382 
225879 0.836480884385 0.19792499999999996 0.837248579764 0.08265 6.45628046136 
155921 0.840472900353 0.133975 0.835559649931 0.087325 5.23525826752 
224451 0.842929525564 0.18635 0.830032243206 0.021475 6.22981385118 
184599 0.836787962536 0.14995 0.831414094887 0.07865 6.0404256449 
270551 0.829418086903 0.23067500000000002 0.822355289421 0.08875 7.1641708256 
404391 0.829264547827 0.32165000000000005 0.828957469676 0.020649999999999998 4.86340408992 
411066 0.844771994473 0.348125 0.828650391525 0.021900000000000003 7.26765553167 
521183 0.833410102871 0.348425 0.821741133118 0.06785000000000001 5.77057834454 
344858 0.839091048672 0.2897 0.816981421772 0.072175 5.6592533264 
317148 0.836787962536 0.26480000000000004 0.825886688162 0.044125 4.72083716683 
173737 0.841547673883 0.1408 0.832488868417 0.10617499999999999 5.02132910885 
