333131 0.842622447413 0.30105 0.825118992784 0.14809999999999998 3.1883269389 
355521 0.842929525564 0.290225 0.831721173039 0.14035 3.35262301039 
359827 0.843390142791 0.2791 0.840012283126 0.10400000000000002 5.38246939036 
548314 0.841854752034 0.3655250000000001 0.831874712114 0.09465 3.71017988714 
298246 0.83985874405 0.254825 0.837709196991 0.09677500000000001 2.83413910296 
99748 0.834638415477 0.09725000000000002 0.828189774298 0.06725 2.799341259 
122947 0.84415783817 0.08789999999999999 0.830339321357 0.186675 2.14841881895 
541132 0.829418086903 0.394375 0.825272531859 0.134975 3.57451279468 
270218 0.833410102871 0.24935000000000002 0.827115000768 0.12552500000000003 2.66789812496 
316261 0.84630738523 0.255475 0.831567633963 0.13235 3.0804464592 
351491 0.840472900353 0.279225 0.831874712114 0.196125 3.3044463906 
284496 0.829418086903 0.228 0.823890680178 0.05875 3.08119507338 
377316 0.838169814218 0.35137500000000005 0.825579610011 0.028950000000000004 3.21995017624 
228682 0.838016275142 0.189375 0.837248579764 0.11105000000000001 3.36013715139 
461260 0.835559649931 0.433225 0.835866728082 0.05960000000000001 3.58471979648 
222898 0.831260555811 0.18384999999999999 0.820512820513 0.06870000000000001 3.02036075076 
466122 0.843697220943 0.3484 0.843543681867 0.02695 6.01854891013 
430777 0.850145862122 0.32302499999999995 0.841701212959 0.0788 3.780745524 
548475 0.837248579764 0.42829999999999996 0.832181790266 0.078025 3.5017507496 
225879 0.836480884385 0.19792499999999996 0.829111008752 0.09575000000000002 3.17306137279 
155921 0.840472900353 0.133975 0.831414094887 0.09677500000000001 4.98220546501 
224451 0.842929525564 0.18635 0.833563641947 0.06385000000000002 3.31002695297 
184599 0.836787962536 0.14995 0.832949485644 0.17775 2.86267304176 
270551 0.829418086903 0.23067500000000002 0.822355289421 0.116325 3.01177956587 
404391 0.829264547827 0.32165000000000005 0.817595578075 0.04907500000000001 3.27273529357 
411066 0.844771994473 0.348125 0.828650391525 0.16607500000000003 3.10780108446 
521183 0.833410102871 0.348425 0.834484876401 0.066475 5.59548660731 
344858 0.839091048672 0.2897 0.827575617995 0.06955000000000001 3.68891016178 
317148 0.836787962536 0.26480000000000004 0.827422078919 0.12100000000000001 3.46208836389 
173737 0.841547673883 0.1408 0.841547673883 0.1882 3.44237223055 
