58501 0.846768002457 0.057 0.843543681867 0.023925
29004 0.839551665899 0.037875 0.840319361277 0.0431
14464 0.837248579764 0.013075 0.840472900353 0.072125
92819 0.848456932289 0.0682 0.839705204975 0.082275
104552 0.839091048672 0.091425 0.83985874405 0.040225
46362 0.844925533548 0.02185 0.837402118839 0.022625
46863 0.837555657915 0.04855 0.837248579764 0.006525
10568 0.840165822202 0.002225 0.840319361277 0.0036
3670 0.844311377246 0.006725 0.8452326117 0.00305
24456 0.840779978505 0.0157 0.831874712114 0.032875
43367 0.834331337325 0.020475 0.836480884385 0.022875
48499 0.822969445724 0.04645 0.825733149086 0.1339
21920 0.840319361277 0.032025 0.837862736066 0.052325
77085 0.832181790266 0.058025 0.834331337325 0.064825
94108 0.832488868417 0.07785 0.831414094887 0.022275
85856 0.836480884385 0.067125 0.843390142791 0.00745
16970 0.841087056656 0.032325 0.83878397052 0.02125
176434 0.841087056656 0.12905 0.831721173039 0.029725
101617 0.83525257178 0.067275 0.834791954552 0.021825
70303 0.827882696146 0.06845 0.830032243206 0.061325
91367 0.840319361277 0.070875 0.840319361277 0.06865
33801 0.841701212959 0.034025 0.838630431445 0.02275
24093 0.84415783817 0.0192 0.837095040688 0.0424
36532 0.846921541532 0.01855 0.848149854138 0.018725
134317 0.83878397052 0.089 0.833717181023 0.0961
