41415 0.831260555811 0.00575 0.831260555811 0.013875
43931 0.824965453708 0.00655 0.824044219254 0.026225
40954 0.822355289421 0.00655 0.821894672194 0.026525
48406 0.811300475971 0.006425 0.812375249501 0.014525
31384 0.820666359589 0.0055 0.821434054967 0.015125
44399 0.814217718409 0.00635 0.814371257485 0.009225
49594 0.814831874712 0.007125 0.814985413788 0.01115
34201 0.807615538154 0.00505 0.807615538154 0.0168
30321 0.81099339782 0.006075 0.811146936895 0.0215
53490 0.83095347766 0.006625 0.830646399509 0.03425
56947 0.824811914632 0.006225 0.824811914632 0.0164
52714 0.824811914632 0.005225 0.824197758329 0.009375
32003 0.820359281437 0.006375 0.820359281437 0.013975
30103 0.818977429756 0.004725 0.819130968832 0.0204
41167 0.811300475971 0.006775 0.811761093198 0.028525
38978 0.815599570091 0.005825 0.814524796561 0.018225
40787 0.812835866728 0.00675 0.812375249501 0.012975
58613 0.813603562107 0.00695 0.812835866728 0.02255
49221 0.82204821127 0.005625 0.821741133118 0.013775
40564 0.815138952864 0.005225 0.815446031015 0.01825
37796 0.819130968832 0.005575 0.819591586059 0.019975
70940 0.822508828497 0.007725 0.823276523875 0.016975
38168 0.813757101182 0.0057 0.813910640258 0.016525
40898 0.823890680178 0.00625 0.823430062951 0.0174
38159 0.810686319668 0.005675 0.810225702441 0.013125
38757 0.823430062951 0.00515 0.823430062951 0.02605
71405 0.816981421772 0.007625 0.817288499923 0.024925
53242 0.815292491939 0.0071 0.814985413788 0.022925
34235 0.81882389068 0.004675 0.81882389068 0.017425
56782 0.82204821127 0.0068 0.824197758329 0.021425
