411419 0.83878397052 0.009025 0.835559649931 0.004825
484270 0.829571625979 0.013425 0.827882696146 0.011825
216913 0.831414094887 0.005575 0.823430062951 0.00755
332675 0.826040227238 0.0064 0.83095347766 0.01315
296194 0.832642407493 0.021775 0.827268539843 0.01635
631126 0.832335329341 0.012125 0.831567633963 0.0164
296599 0.836941501612 0.012175 0.834791954552 0.015225
568596 0.834331337325 0.03125 0.835559649931 0.01465
600721 0.83202825119 0.028375 0.826347305389 0.019175
666370 0.828650391525 0.030925 0.828036235222 0.0182
486787 0.834638415477 0.014725 0.836173806234 0.026125
914426 0.838476892369 0.021075 0.817288499923 0.010225
269176 0.838937509596 0.015875 0.8288039306 0.015975
423203 0.839705204975 0.012475 0.836634423461 0.0161
515870 0.841854752034 0.014225 0.837709196991 0.016925
511954 0.83878397052 0.02275 0.840626439429 0.02065
376070 0.832181790266 0.0266 0.831874712114 0.019175
647837 0.836327345309 0.025125 0.836327345309 0.023575
496868 0.832795946568 0.011775 0.833870720098 0.0045
1202951 0.838630431445 0.0255 0.837555657915 0.009625
659111 0.830032243206 0.01645 0.825118992784 0.0086
520556 0.835866728082 0.01875 0.832642407493 0.02695
818811 0.840165822202 0.02765 0.836787962536 0.016575
622188 0.831874712114 0.0309 0.825886688162 0.01335
674973 0.833870720098 0.02155 0.834945493628 0.028
196280 0.824044219254 0.0118 0.817902656226 0.006325
463723 0.832949485644 0.016525 0.833717181023 0.0172
258257 0.830646399509 0.00595 0.83310302472 0.007575
312601 0.834024259174 0.00765 0.829111008752 0.019125
395896 0.835713189007 0.0147 0.837709196991 0.010325
