142874 0.81774911715 0.00165 0.817288499923 0.002025
133345 0.818977429756 0.001825 0.819745125134 0.0017
95955 0.820666359589 0.001425 0.820819898664 0.001625
129393 0.82097343774 0.001275 0.820666359589 0.001625
125254 0.820512820513 0.002025 0.819438046983 0.001125
135780 0.815446031015 0.001675 0.814831874712 0.000675
143004 0.818977429756 0.001725 0.81774911715 0.001575
103600 0.813603562107 0.00135 0.814217718409 0.0014
138986 0.815138952864 0.001425 0.814678335636 0.001625
91088 0.81882389068 0.0021 0.818516812529 0.001225
130148 0.813296483955 0.001725 0.811761093198 0.00135
108051 0.821434054967 0.00185 0.821126976816 0.001675
166387 0.822969445724 0.001725 0.822969445724 0.001475
120679 0.809304467987 0.0016 0.809458007063 0.001075
121290 0.815753109166 0.001625 0.815446031015 0.001225
133987 0.817134960848 0.001775 0.817595578075 0.001575
147345 0.814678335636 0.0017 0.815599570091 0.00145
125222 0.81099339782 0.00125 0.810225702441 0.001525
120306 0.812528788577 0.002075 0.812835866728 0.001025
142728 0.822662367573 0.0016 0.823276523875 0.00125
133690 0.824811914632 0.0016 0.823430062951 0.0012
125422 0.826347305389 0.001725 0.827115000768 0.0014
140089 0.825272531859 0.001975 0.825579610011 0.001975
131244 0.812989405804 0.001475 0.814217718409 0.00165
130319 0.818516812529 0.00155 0.819130968832 0.001275
111104 0.828496852449 0.00155 0.829264547827 0.00115
109282 0.813757101182 0.001875 0.813142944879 0.00175
142935 0.81882389068 0.0018 0.818977429756 0.001625
89804 0.822355289421 0.00145 0.821434054967 0.001475
125362 0.816213726393 0.0016 0.815599570091 0.001225
