3822 0.695 0.001225 0.705 0.0014
1698 0.765 0.001275 0.76 0.00095
2616 0.75 0.001225 0.76 0.001625
5474 0.7 0.0012 0.69 0.002175
2089 0.725 0.001225 0.72 0.001125
3543 0.695 0.0012 0.715 0.00215
8733 0.715 0.001925 0.725 0.0015
2362 0.72 0.001375 0.715 0.001875
2270 0.74 0.0014 0.735 0.001125
1071 0.7 0.000975 0.7 0.001225
6206 0.745 0.00215 0.755 0.0014
3944 0.71 0.0016 0.7 0.000825
8583 0.745 0.00145 0.745 0.0011
4836 0.765 0.001975 0.755 0.00185
1413 0.725 0.000825 0.72 0.000525
3535 0.685 0.000925 0.705 0.0012
3972 0.645 0.001175 0.64 0.001575
5420 0.72 0.001475 0.695 0.00085
5806 0.725 0.002075 0.715 0.001175
2915 0.695 0.001125 0.685 0.000425
2622 0.755 0.00135 0.755 0.000975
4268 0.725 0.0017 0.725 0.001575
7577 0.705 0.001975 0.715 0.0023
4717 0.715 0.00215 0.7 0.00105
2057 0.68 0.000675 0.655 0.001775
4919 0.73 0.00185 0.74 0.00245
6786 0.695 0.001875 0.695 0.001225
2477 0.78 0.000825 0.79 0.001775
4429 0.68 0.00225 0.7 0.001625
1942 0.675 0.001275 0.675 0.001225
