526355 0.903682406281 0.0551 0.902908326883 0.010575
354633 0.901581333628 0.0476 0.895056950127 0.008625
398763 0.89527811567 0.03645 0.892955877474 0.003075
392261 0.892513546389 0.046775 0.895499281212 0.00655
466584 0.88609974566 0.05265 0.890412473737 0.00425
459004 0.895720446754 0.050175 0.895941612297 0.007075
410734 0.90080725423 0.04535 0.898706181577 0.00185
434086 0.903903571824 0.04995 0.898374433263 0.00855
417825 0.88886431494 0.0455 0.891297135906 0.0021
403227 0.8943934535 0.0501 0.89074422205 0.0048
610074 0.900254340374 0.064525 0.901139002543 0.007275
303364 0.894725201814 0.037125 0.888090235541 0.007675
528060 0.902244830255 0.058 0.899037929891 0.0059
432020 0.898153267721 0.041925 0.896715691695 0.003075
378704 0.899701426518 0.03855 0.901028419772 0.0043
440489 0.898374433263 0.05315 0.893619374102 0.002825
456861 0.89992259206 0.050125 0.895609863983 0.0076
454497 0.890854804821 0.051325 0.896826274466 0.005475
721515 0.899480260975 0.069375 0.898595598806 0.006075
324777 0.896936857238 0.044775 0.899037929891 0.01135
429433 0.893729956873 0.046625 0.896605108924 0.012325
556324 0.895499281212 0.056975 0.891075970364 0.0022
468906 0.902023664713 0.0505 0.901691916399 0.0072
404335 0.898706181577 0.046425 0.896936857238 0.007175
412300 0.89627336061 0.048925 0.892513546389 0.007425
567251 0.900254340374 0.05635 0.893729956873 0.007875
290182 0.896605108924 0.036425 0.892292380847 0.00245
360868 0.900364923145 0.0425 0.896383943382 0.006225
436876 0.902576578569 0.05065 0.895609863983 0.00475
436613 0.896052195068 0.052775 0.897268605551 0.007925
