72282 0.889306646025 0.00485 0.889638394338 0.002425
108765 0.886652659516 0.005275 0.885325666261 0.0019
162014 0.889748977109 0.0082 0.887758487228 0.002425
208826 0.891186553135 0.0092 0.889970142652 0.001925
129322 0.894172287958 0.00675 0.893287625788 0.002425
183400 0.890523056508 0.0085 0.890191308194 0.002875
131246 0.883114010837 0.0072 0.882671679752 0.002075
188783 0.890191308194 0.0076 0.889085480482 0.002325
132734 0.890633639279 0.007825 0.891186553135 0.00275
130330 0.892181798076 0.00605 0.890080725423 0.00265
143210 0.8870949906 0.0075 0.88609974566 0.0029
80398 0.887758487228 0.005175 0.887537321685 0.002125
125272 0.893398208559 0.00515 0.892181798076 0.0023
119853 0.892402963618 0.006525 0.891850049762 0.0012
128012 0.890854804821 0.00615 0.890412473737 0.002475
117094 0.886873825058 0.00665 0.886873825058 0.00205
112635 0.889196063253 0.00585 0.889638394338 0.001875
195813 0.890080725423 0.009925 0.889306646025 0.0013
136863 0.889527811567 0.005125 0.888974897711 0.0029
103171 0.88886431494 0.0067 0.887758487228 0.002625
141862 0.888753732169 0.007875 0.887316156143 0.002025
130122 0.886984407829 0.006425 0.887758487228 0.002675
107825 0.888200818313 0.00745 0.888090235541 0.002625
180488 0.88797965277 0.008225 0.886652659516 0.001775
132854 0.890191308194 0.00635 0.890523056508 0.0018
124344 0.891407718677 0.00615 0.889859559881 0.00295
117665 0.886873825058 0.006875 0.886873825058 0.00225
179848 0.890191308194 0.007325 0.890965387593 0.002925
134896 0.886763242287 0.007875 0.884551586863 0.001875
101050 0.886652659516 0.00685 0.886873825058 0.002275
