100837 0.845386150775 0.004475 0.83417779825 0.015475
98637 0.844311377246 0.01005 0.845079072624 0.00915
132117 0.82987870413 0.0112 0.836020267158 0.023625
78223 0.834791954552 0.003875 0.824811914632 0.016075
69910 0.815753109166 0.003625 0.821126976816 0.007575
129139 0.835406110855 0.006275 0.828496852449 0.018125
103519 0.843390142791 0.01 0.827422078919 0.012125
104493 0.832181790266 0.006825 0.832488868417 0.01385
155383 0.834791954552 0.01355 0.832488868417 0.01745
89423 0.837555657915 0.00395 0.836327345309 0.02525
107119 0.833410102871 0.005475 0.834945493628 0.0155
92452 0.825733149086 0.004725 0.819284507907 0.017125
98041 0.826500844465 0.0048 0.828036235222 0.0304
96965 0.833717181023 0.00705 0.837402118839 0.020775
118037 0.824811914632 0.01225 0.824811914632 0.01105
113468 0.836480884385 0.009825 0.838630431445 0.011475
139160 0.831260555811 0.00785 0.833717181023 0.00855
127457 0.832949485644 0.012975 0.843236603716 0.01475
112913 0.841394134807 0.013975 0.832795946568 0.009175
92679 0.837402118839 0.017775 0.834791954552 0.0048
169755 0.831721173039 0.012575 0.825733149086 0.009975
108643 0.827115000768 0.008925 0.839398126823 0.01715
97539 0.839705204975 0.00565 0.833563641947 0.014175
147586 0.835099032704 0.020425 0.829264547827 0.008725
76259 0.839398126823 0.0051 0.838169814218 0.017925
144674 0.836020267158 0.011275 0.836480884385 0.0167
119996 0.84093351758 0.007525 0.824658375557 0.0342
90600 0.83310302472 0.00445 0.831107016736 0.01095
126498 0.836941501612 0.00905 0.832949485644 0.010075
102402 0.832335329341 0.008625 0.831414094887 0.010275
