374690 0.832335329341 0.32505 0.834024259174 0.009
96163 0.840012283126 0.0495 0.826347305389 0.0229
184339 0.841547673883 0.093975 0.827268539843 0.0032
544522 0.84200829111 0.41205 0.833563641947 0.006675
329372 0.843850760018 0.213425 0.83417779825 0.00795
223430 0.841547673883 0.2081 0.834024259174 0.00835
334903 0.836787962536 0.242225 0.832795946568 0.009825
179734 0.837709196991 0.152325 0.829571625979 0.012875
299607 0.841240595732 0.21325 0.827115000768 0.001525
330191 0.849378166743 0.25915 0.838016275142 0.008725
318699 0.83417779825 0.283225 0.832642407493 0.006875
233065 0.839091048672 0.169325 0.821587594043 0.010875
263309 0.830032243206 0.155975 0.822508828497 0.00845
552173 0.847842775986 0.37045 0.83525257178 0.001375
368206 0.836941501612 0.357625 0.83202825119 0.000875
316753 0.837862736066 0.335625 0.814217718409 0.009875
162282 0.830646399509 0.1184 0.831260555811 0.015425
205285 0.831874712114 0.174625 0.838169814218 0.037775
284347 0.838476892369 0.2206 0.83095347766 0.009325
286489 0.843543681867 0.251175 0.830646399509 0.0039
342832 0.842468908337 0.22055 0.834331337325 0.0179
839556 0.831567633963 0.6232 0.829264547827 0.00965
415340 0.831567633963 0.281425 0.824197758329 0.000775
217276 0.827575617995 0.174125 0.813450023031 0.0074
295465 0.841854752034 0.25005 0.830032243206 0.000375
433420 0.842775986489 0.30455 0.83310302472 0.00345
270395 0.832795946568 0.24885 0.831874712114 0.004675
452739 0.826807922616 0.35295 0.830492860433 0.00125
430763 0.84093351758 0.291075 0.831874712114 0.013875
94978 0.83417779825 0.048775 0.832181790266 0.042025
