142874 0.81774911715 0.00165 0.819284507907 0.0008
133345 0.818977429756 0.001825 0.820052203286 0.000875
95955 0.820666359589 0.001425 0.821894672194 0.00075
129393 0.82097343774 0.001275 0.819130968832 0.00055
125254 0.820512820513 0.002025 0.820666359589 0.000825
135780 0.815446031015 0.001675 0.815292491939 0.0006
143004 0.818977429756 0.001725 0.817902656226 0.0008
103600 0.813603562107 0.00135 0.812835866728 0.00055
138986 0.815138952864 0.001425 0.816060187318 0.000925
91088 0.81882389068 0.0021 0.818516812529 0.000475
130148 0.813296483955 0.001725 0.814371257485 0.000525
108051 0.821434054967 0.00185 0.821126976816 0.001
166387 0.822969445724 0.001725 0.8231229848 0.0006
120679 0.809304467987 0.0016 0.809150928911 0.0006
121290 0.815753109166 0.001625 0.815446031015 0.00105
133987 0.817134960848 0.001775 0.817288499923 0.0006
147345 0.814678335636 0.0017 0.815138952864 0.000975
125222 0.81099339782 0.00125 0.810686319668 0.0005
120306 0.812528788577 0.002075 0.812835866728 0.000775
142728 0.822662367573 0.0016 0.82204821127 0.0007
133690 0.824811914632 0.0016 0.822815906648 0.00075
125422 0.826347305389 0.001725 0.828036235222 0.000575
140089 0.825272531859 0.001975 0.824504836481 0.00095
131244 0.812989405804 0.001475 0.812221710425 0.0007
130319 0.818516812529 0.00155 0.818670351604 0.000825
111104 0.828496852449 0.00155 0.828343313373 0.00055
109282 0.813757101182 0.001875 0.813142944879 0.000775
142935 0.81882389068 0.0018 0.818670351604 0.000725
89804 0.822355289421 0.00145 0.822201750345 0.00075
125362 0.816213726393 0.0016 0.816060187318 0.000775
