80989 0.74 0.080325 0.695 0.002875
159336 0.66 0.152375 0.66 0.005475
85188 0.71 0.11 0.7 0.0103
15749 0.71 0.028725 0.725 0.00745
145096 0.73 0.131225 0.715 0.005775
27426 0.675 0.034875 0.66 0.013125
110766 0.77 0.136525 0.76 0.003175
63410 0.705 0.07565 0.735 0.000875
22418 0.815 0.031875 0.75 0.0023
128533 0.74 0.152425 0.735 0.0034
12905 0.68 0.022225 0.67 0.00165
68954 0.745 0.08045 0.75 0.009025
10355 0.705 0.01005 0.7 0.01185
91426 0.835 0.0927 0.805 0.00155
12595 0.745 0.018875 0.76 0.02275
47079 0.775 0.050425 0.765 0.005625
78484 0.735 0.0848 0.725 0.00255
154015 0.78 0.12795 0.77 0.013975
57594 0.755 0.08675 0.715 7.5e-05
176533 0.715 0.157575 0.735 0.004725
119944 0.725 0.123225 0.705 0.014025
90226 0.79 0.103375 0.775 0.0094
41692 0.735 0.068475 0.775 0.031475
235201 0.77 0.17725 0.755 0.006175
133343 0.7 0.147275 0.705 0.00445
122739 0.745 0.127925 0.745 0.003825
106961 0.74 0.1278 0.745 0.004475
60504 0.735 0.089625 0.705 0.00415
90654 0.755 0.07835 0.77 0.00955
151529 0.735 0.14655 0.72 0.009275
