166989 0.897379188322 0.114175 0.895831029526 0.000725
89908 0.905009399536 0.091325 0.90357182351 0.00035
185776 0.893619374102 0.1282 0.892071215305 0.000625
101092 0.893066460245 0.068925 0.894282870729 0.000475
166202 0.893840539644 0.128175 0.890633639279 0.000125
85547 0.899590843747 0.06735 0.899480260975 0.000225
145455 0.894172287958 0.1006 0.895720446754 0.00045
214290 0.895167532898 0.1361 0.895720446754 0.000125
153665 0.897932102178 0.1053 0.8943934535 0.000125
348596 0.892845294703 0.2247 0.889859559881 0.000525
137542 0.898927347119 0.110225 0.896494526153 0.000175
118700 0.890965387593 0.0819 0.887537321685 2.5e-05
115079 0.893177043017 0.096325 0.892845294703 0.0002
226271 0.898263850492 0.163775 0.896605108924 0.0
123862 0.895941612297 0.09475 0.894946367356 0.000125
104120 0.899148512662 0.0929 0.895499281212 0.000175
53063 0.890965387593 0.047 0.891075970364 0.000275
103247 0.899480260975 0.092525 0.898485016035 0.0001
112300 0.897379188322 0.07175 0.892292380847 5e-05
100544 0.895499281212 0.084275 0.893066460245 2.5e-05
71818 0.893729956873 0.0651 0.889417228796 7.5e-05
95141 0.898485016035 0.080375 0.892292380847 0.0002
122616 0.894614619042 0.106275 0.891739466991 0.000225
167020 0.894282870729 0.117475 0.893729956873 0.00095
69032 0.894946367356 0.0543 0.893840539644 0.0004
75337 0.900696671459 0.06495 0.901249585315 0.000225
78315 0.894504036271 0.076275 0.89162888422 0.00015
86755 0.894172287958 0.0637 0.891297135906 0.000225
172027 0.89627336061 0.127675 0.894835784585 0.0
76618 0.896383943382 0.06825 0.894282870729 7.5e-05
