142874 0.81774911715 0.00165 0.819438046983 0.0008
133345 0.818977429756 0.001825 0.820052203286 0.001125
95955 0.820666359589 0.001425 0.821894672194 0.0008
129393 0.82097343774 0.001275 0.818363273453 0.00075
125254 0.820512820513 0.002025 0.821434054967 0.000725
135780 0.815446031015 0.001675 0.815446031015 0.000375
143004 0.818977429756 0.001725 0.818363273453 0.000725
103600 0.813603562107 0.00135 0.812375249501 0.000525
138986 0.815138952864 0.001425 0.815599570091 0.00065
91088 0.81882389068 0.0021 0.818363273453 0.000325
130148 0.813296483955 0.001725 0.814371257485 0.000525
108051 0.821434054967 0.00185 0.821280515891 0.00085
166387 0.822969445724 0.001725 0.8231229848 0.000625
120679 0.809304467987 0.0016 0.809150928911 0.00055
121290 0.815753109166 0.001625 0.814985413788 0.000575
133987 0.817134960848 0.001775 0.817288499923 0.0006
147345 0.814678335636 0.0017 0.814831874712 0.000675
125222 0.81099339782 0.00125 0.810532780593 0.0006
120306 0.812528788577 0.002075 0.812528788577 0.000575
142728 0.822662367573 0.0016 0.821894672194 0.000575
133690 0.824811914632 0.0016 0.823276523875 0.000475
125422 0.826347305389 0.001725 0.828343313373 0.000825
140089 0.825272531859 0.001975 0.824658375557 0.000875
131244 0.812989405804 0.001475 0.813603562107 0.001
130319 0.818516812529 0.00155 0.818670351604 0.000575
111104 0.828496852449 0.00155 0.828343313373 0.000775
109282 0.813757101182 0.001875 0.813142944879 0.000525
142935 0.81882389068 0.0018 0.818209734377 0.000325
89804 0.822355289421 0.00145 0.822201750345 0.00055
125362 0.816213726393 0.0016 0.815753109166 0.0006
