36942 0.821434054967 0.019225 0.821587594043 0.008075
52809 0.821126976816 0.020275 0.819591586059 0.0081
71238 0.813450023031 0.026325 0.813910640258 0.007775
53183 0.818516812529 0.02185 0.816213726393 0.008925
47988 0.826347305389 0.0194 0.825886688162 0.008225
36572 0.823583602027 0.020775 0.824044219254 0.0096
37300 0.819130968832 0.01915 0.818363273453 0.010625
36565 0.827575617995 0.021775 0.827115000768 0.008975
32780 0.81774911715 0.020775 0.81774911715 0.008975
36288 0.818670351604 0.0199 0.816981421772 0.009875
37032 0.812375249501 0.021375 0.812221710425 0.01075
40928 0.821126976816 0.017125 0.821587594043 0.0078
33060 0.819745125134 0.019325 0.819284507907 0.00895
40225 0.81774911715 0.01685 0.817442038999 0.008625
49410 0.809150928911 0.02335 0.808690311684 0.00865
40505 0.816520804545 0.020925 0.817442038999 0.00955
48130 0.816981421772 0.020975 0.816060187318 0.009175
37329 0.823430062951 0.018925 0.823276523875 0.00945
53964 0.822815906648 0.02205 0.822508828497 0.008275
51213 0.82204821127 0.021575 0.822969445724 0.008975
50927 0.817442038999 0.021625 0.816981421772 0.00785
30815 0.81774911715 0.0151 0.817902656226 0.0082
43644 0.804851834792 0.01975 0.804851834792 0.0088
41242 0.81667434362 0.020675 0.816367265469 0.00815
47218 0.822815906648 0.01965 0.821587594043 0.010425
38013 0.812682327652 0.015125 0.81206817135 0.0067
48895 0.822201750345 0.0221 0.822815906648 0.009875
42948 0.823583602027 0.02305 0.823276523875 0.00945
31217 0.811300475971 0.019025 0.810379241517 0.00885
38212 0.817902656226 0.0216 0.81774911715 0.010075
