72282 0.889306646025 0.00485 0.890301890965 0.005075
108765 0.886652659516 0.005275 0.885878580117 0.00525
162014 0.889748977109 0.0082 0.888532566626 0.003625
208826 0.891186553135 0.0092 0.890301890965 0.005675
129322 0.894172287958 0.00675 0.893287625788 0.003075
183400 0.890523056508 0.0085 0.891075970364 0.005325
131246 0.883114010837 0.0072 0.883003428066 0.00425
188783 0.890191308194 0.0076 0.889417228796 0.00615
132734 0.890633639279 0.007825 0.890854804821 0.007975
130330 0.892181798076 0.00605 0.892624129161 0.0037
143210 0.8870949906 0.0075 0.885546831804 0.006325
80398 0.887758487228 0.005175 0.887758487228 0.005125
125272 0.893398208559 0.00515 0.893398208559 0.0047
119853 0.892402963618 0.006525 0.892402963618 0.0055
128012 0.890854804821 0.00615 0.890301890965 0.00335
117094 0.886873825058 0.00665 0.887426738914 0.004375
112635 0.889196063253 0.00585 0.889085480482 0.0047
195813 0.890080725423 0.009925 0.889085480482 0.0082
136863 0.889527811567 0.005125 0.889306646025 0.005925
103171 0.88886431494 0.0067 0.888090235541 0.006275
141862 0.888753732169 0.007875 0.888974897711 0.003175
130122 0.886984407829 0.006425 0.885878580117 0.0066
107825 0.888200818313 0.00745 0.887869069999 0.0051
180488 0.88797965277 0.008225 0.888974897711 0.004925
132854 0.890191308194 0.00635 0.891518301449 0.0029
124344 0.891407718677 0.00615 0.890633639279 0.004825
117665 0.886873825058 0.006875 0.886542076744 0.00405
179848 0.890191308194 0.007325 0.889417228796 0.0068
134896 0.886763242287 0.007875 0.886320911202 0.005525
101050 0.886652659516 0.00685 0.886873825058 0.00335
