41415 0.831260555811 0.00575 0.83095347766 0.00365
43931 0.824965453708 0.00655 0.824351297405 0.004025
40954 0.822355289421 0.00655 0.822201750345 0.004925
48406 0.811300475971 0.006425 0.811607554123 0.0048
31384 0.820666359589 0.0055 0.82097343774 0.0041
44399 0.814217718409 0.00635 0.815292491939 0.0044
49594 0.814831874712 0.007125 0.815446031015 0.00445
34201 0.807615538154 0.00505 0.808536772609 0.0028
30321 0.81099339782 0.006075 0.811300475971 0.004025
53490 0.83095347766 0.006625 0.830339321357 0.004875
56947 0.824811914632 0.006225 0.824504836481 0.00435
52714 0.824811914632 0.005225 0.824351297405 0.00385
32003 0.820359281437 0.006375 0.820205742361 0.004025
30103 0.818977429756 0.004725 0.819438046983 0.003075
41167 0.811300475971 0.006775 0.81206817135 0.00325
38978 0.815599570091 0.005825 0.814985413788 0.00285
40787 0.812835866728 0.00675 0.813603562107 0.0039
58613 0.813603562107 0.00695 0.813757101182 0.00455
49221 0.82204821127 0.005625 0.82097343774 0.003075
40564 0.815138952864 0.005225 0.814064179334 0.00325
37796 0.819130968832 0.005575 0.819591586059 0.003225
70940 0.822508828497 0.007725 0.8231229848 0.002975
38168 0.813757101182 0.0057 0.813603562107 0.004075
40898 0.823890680178 0.00625 0.822969445724 0.0038
38159 0.810686319668 0.005675 0.810532780593 0.004075
38757 0.823430062951 0.00515 0.822969445724 0.003375
71405 0.816981421772 0.007625 0.816367265469 0.00345
53242 0.815292491939 0.0071 0.814831874712 0.003825
34235 0.81882389068 0.004675 0.818977429756 0.0043
56782 0.82204821127 0.0068 0.822355289421 0.00395
