19322 0.844771994473 0.017775 0.843697220943 0.1112
188334 0.837095040688 0.1668 0.83985874405 0.012075
50296 0.84200829111 0.042325 0.847996315062 0.1106
122605 0.836941501612 0.080375 0.830492860433 0.004175
69749 0.838937509596 0.0555 0.83202825119 0.0393
6607 0.84200829111 0.011375 0.833717181023 0.057875
52512 0.834791954552 0.052975 0.832335329341 0.0065
41107 0.836787962536 0.0197 0.840472900353 0.00125
137646 0.832949485644 0.1033 0.836787962536 0.023575
66004 0.837248579764 0.046675 0.832181790266 0.011175
141622 0.842622447413 0.12095 0.843236603716 0.030675
146062 0.846460924305 0.13595 0.846921541532 0.0089
94850 0.8288039306 0.077725 0.824811914632 0.00835
10344 0.840012283126 0.003125 0.831260555811 0.001875
11232 0.831107016736 0.005425 0.830492860433 0.093575
26531 0.84093351758 0.029 0.844004299094 0.083725
80007 0.844771994473 0.04415 0.841547673883 0.0737
35239 0.840319361277 0.0365 0.839244587748 0.045125
64124 0.842929525564 0.04375 0.838016275142 0.00465
3599 0.849531705819 0.00505 0.845386150775 0.003075
44207 0.839705204975 0.060425 0.830185782282 0.048325
41813 0.832181790266 0.054275 0.832642407493 0.0025
17298 0.835099032704 0.008975 0.834791954552 0.006675
33151 0.841701212959 0.021625 0.837862736066 0.005225
61024 0.849378166743 0.054725 0.846000307078 0.031275
42565 0.84093351758 0.0354 0.840626439429 0.004175
71899 0.847382158759 0.068225 0.837862736066 0.06655
44791 0.835406110855 0.026425 0.835559649931 0.0107
160157 0.830646399509 0.1102 0.829111008752 0.00725
95904 0.842775986489 0.116525 0.844004299094 0.0063
