286808 0.829111008752 0.167075 0.830492860433 0.058775
287717 0.837095040688 0.058225 0.836941501612 0.031975
332098 0.832949485644 0.192475 0.824811914632 0.026075
156533 0.83202825119 0.081675 0.830185782282 0.067025
261650 0.825426070935 0.0721 0.826961461692 0.027375
138713 0.825886688162 0.03895 0.827268539843 0.014875
136252 0.830646399509 0.03525 0.824351297405 0.02715
103171 0.828957469676 0.02065 0.825272531859 0.019425
132330 0.839398126823 0.119775 0.838169814218 0.02635
201806 0.836020267158 0.042575 0.830799938584 0.017525
308718 0.835866728082 0.1705 0.835713189007 0.05065
239920 0.833410102871 0.0993 0.829264547827 0.043525
234794 0.837862736066 0.0377 0.835713189007 0.02635
130954 0.834791954552 0.02285 0.83310302472 0.0127
174638 0.84200829111 0.044 0.832949485644 0.01175
242734 0.817288499923 0.123475 0.829264547827 0.018025
306651 0.838016275142 0.162275 0.832488868417 0.066825
189423 0.826193766314 0.103 0.8288039306 0.0284
400363 0.838937509596 0.2227 0.836480884385 0.030275
324613 0.827422078919 0.09855 0.831414094887 0.057275
156861 0.835406110855 0.034 0.838323353293 0.012625
165455 0.83525257178 0.070225 0.832642407493 0.051625
330030 0.835099032704 0.092575 0.834791954552 0.049225
240864 0.83525257178 0.042 0.835559649931 0.027825
130390 0.838630431445 0.044 0.824351297405 0.053125
265302 0.832181790266 0.114325 0.832181790266 0.0362
194020 0.82987870413 0.104775 0.828650391525 0.03045
374589 0.825426070935 0.29545 0.82772915707 0.03625
215521 0.829111008752 0.076175 0.829264547827 0.02275
234682 0.820359281437 0.066675 0.83095347766 0.03045
