80989 0.74 0.080325 0.72 0.087275
159336 0.66 0.152375 0.675 0.1479
85188 0.71 0.11 0.705 0.079175
15749 0.71 0.028725 0.735 0.027925
145096 0.73 0.131225 0.715 0.110275
27426 0.675 0.034875 0.675 0.103825
110766 0.77 0.136525 0.74 0.1048
63410 0.705 0.07565 0.73 0.1048
22418 0.815 0.031875 0.8 0.074025
128533 0.74 0.152425 0.735 0.13865
12905 0.68 0.022225 0.7 0.03015
68954 0.745 0.08045 0.735 0.10775
10355 0.705 0.01005 0.74 0.008925
91426 0.835 0.0927 0.8 0.087725
12595 0.745 0.018875 0.72 0.050025
47079 0.775 0.050425 0.76 0.080725
78484 0.735 0.0848 0.765 0.10055
154015 0.78 0.12795 0.745 0.092075
57594 0.755 0.08675 0.745 0.080725
176533 0.715 0.157575 0.715 0.120025
119944 0.725 0.123225 0.725 0.037725
90226 0.79 0.103375 0.765 0.0827
41692 0.735 0.068475 0.745 0.0579
235201 0.77 0.17725 0.755 0.1177
133343 0.7 0.147275 0.67 0.15455
122739 0.745 0.127925 0.73 0.120025
106961 0.74 0.1278 0.74 0.117825
60504 0.735 0.089625 0.71 0.116225
90654 0.755 0.07835 0.74 0.0006
151529 0.735 0.14655 0.715 0.122125
