3373 0.695 0.0017000000000000001 0.69 0.0014500000000000001 5.98220394864
10041 0.745 0.0019500000000000001 0.74 0.000625 6.10297447776
6825 0.745 0.0027500000000000003 0.715 0.000925 6.11892119569
4935 0.66 0.0020250000000000003 0.665 0.001025 5.63175755114
2812 0.75 0.00135 0.745 0.000775 5.97960610279
2982 0.685 0.0015500000000000002 0.69 0.00065 5.00878155404
4712 0.68 0.0014750000000000002 0.67 0.0008500000000000001 5.71817615014
9106 0.66 0.0016250000000000001 0.65 0.0005250000000000001 6.74467745678
4027 0.695 0.0019 0.685 0.000475 6.94464925221
2639 0.705 0.0014500000000000001 0.69 0.00055 6.61039221212
3037 0.71 0.0017250000000000002 0.71 0.0006999999999999999 5.85138951044
4219 0.735 0.001925 0.735 0.001 5.45367695401
12172 0.785 0.002425 0.765 0.001225 6.9164418726
5000 0.775 0.0013 0.74 0.00030000000000000003 6.08489067619
2393 0.775 0.0010750000000000002 0.765 0.0006000000000000001 6.17514965553
2632 0.72 0.0008500000000000001 0.71 0.00055 7.05010841221
12356 0.72 0.0024000000000000002 0.715 0.0006 5.8746344455
10099 0.69 0.0025250000000000008 0.68 0.0012000000000000001 6.52706613021
3119 0.685 0.0013750000000000001 0.685 0.00045 6.50034344113
7106 0.705 0.001575 0.685 0.0008 5.02400456632
2036 0.75 0.0014750000000000002 0.74 0.0015250000000000003 4.29941505201
2840 0.76 0.0013 0.745 0.001 6.01636223128
3147 0.665 0.0020250000000000003 0.65 0.00135 4.34955820197
6945 0.7 0.002075 0.705 0.0017499999999999998 7.02706937608
3641 0.735 0.0009 0.72 0.00055 4.53914194277
7255 0.705 0.0024749999999999998 0.68 0.00035000000000000005 6.90730968127
5338 0.71 0.0017000000000000001 0.705 0.00045 6.967981301
8533 0.72 0.0012000000000000001 0.7 0.0005250000000000001 6.87733803778
3835 0.695 0.001225 0.705 0.000325 6.36161923546
5396 0.715 0.0015750000000000002 0.7 0.0008749999999999999 5.61329619224 
