3373 0.695 0.0017000000000000001 0.675 0.0017250000000000002 4.7630890364
10041 0.745 0.0019500000000000001 0.735 0.0014000000000000002 5.46634228642
6825 0.745 0.0027500000000000003 0.73 0.00125 5.70409545081
4935 0.66 0.0020250000000000003 0.665 0.001025 4.95324913397
2812 0.75 0.00135 0.75 0.0009 5.55381473103
2982 0.685 0.0015500000000000002 0.685 0.0011250000000000001 2.64761200338
4712 0.68 0.0014750000000000002 0.665 0.0009000000000000001 5.13363971624
9106 0.66 0.0016250000000000001 0.645 0.000575 6.25207412749
4027 0.695 0.0019 0.68 0.000375 6.23658963586
2639 0.705 0.0014500000000000001 0.7 0.000725 5.51101688408
3037 0.71 0.0017250000000000002 0.71 0.000625 6.4914977569
4219 0.735 0.001925 0.735 0.0014000000000000002 3.01484647705
12172 0.785 0.002425 0.775 0.00135 6.18907915237
5000 0.775 0.0013 0.74 0.000475 4.86501085641
2393 0.775 0.0010750000000000002 0.765 0.0007250000000000001 4.46043634219
2632 0.72 0.0008500000000000001 0.71 0.0006 6.03901520174
12356 0.72 0.0024000000000000002 0.715 0.0007500000000000001 5.50927651535
10099 0.69 0.0025250000000000008 0.685 0.001325 6.23266628545
3119 0.685 0.0013750000000000001 0.695 0.00125 5.27087401036
7106 0.705 0.001575 0.695 0.00135 2.4742800789
2036 0.75 0.0014750000000000002 0.74 0.0010500000000000002 2.68932328355
2840 0.76 0.0013 0.745 0.001 4.65050149449
3147 0.665 0.0020250000000000003 0.65 0.00165 2.13623438527
6945 0.7 0.002075 0.69 0.001 6.88451959679
3641 0.735 0.0009 0.725 0.0008500000000000001 2.15974452897
7255 0.705 0.0024749999999999998 0.685 0.0005250000000000001 6.845872933
5338 0.71 0.0017000000000000001 0.705 0.000775 6.26282852391
8533 0.72 0.0012000000000000001 0.7 0.001 5.35150390333
3835 0.695 0.001225 0.705 0.000675 5.20888209327
5396 0.715 0.0015750000000000002 0.71 0.0012250000000000002 5.42243118747 
