3373 0.695 0.0017000000000000001 0.685 0.0014750000000000002 1.20456887883
10041 0.745 0.0019500000000000001 0.73 0.0011 1.33397435897
6825 0.745 0.0027500000000000003 0.735 0.0016250000000000001 1.31413426317
4935 0.66 0.0020250000000000003 0.665 0.00095 2.36755569091
2812 0.75 0.00135 0.755 0.001325 1.78568376068
2982 0.685 0.0015500000000000002 0.685 0.001425 1.02619634639
4712 0.68 0.0014750000000000002 0.675 0.001025 1.31485042735
9106 0.66 0.0016250000000000001 0.655 0.0008750000000000001 2.09766600921
4027 0.695 0.0019 0.695 0.00075 1.83943074271
2639 0.705 0.0014500000000000001 0.7 0.000825 1.0761669954
3037 0.71 0.0017250000000000002 0.72 0.001475 2.48867521368
4219 0.735 0.001925 0.75 0.001175 2.02948717949
12172 0.785 0.002425 0.78 0.0015250000000000003 1.51137137497
5000 0.775 0.0013 0.76 0.0008749999999999999 1.05557692308
2393 0.775 0.0010750000000000002 0.765 0.000625 2.37158119658
2632 0.72 0.0008500000000000001 0.715 0.0012000000000000001 1.2969017094
12356 0.72 0.0024000000000000002 0.705 0.0013 1.82424985773
10099 0.69 0.0025250000000000008 0.69 0.0011250000000000001 3.03613687092
3119 0.685 0.0013750000000000001 0.685 0.0008 1.48055555555
7106 0.705 0.001575 0.695 0.0011749999999999998 1.93171536859
2036 0.75 0.0014750000000000002 0.74 0.00095 0.802874049028
2840 0.76 0.0013 0.76 0.0008 1.91378205128
3147 0.665 0.0020250000000000003 0.65 0.00165 0.612979008172
6945 0.7 0.002075 0.705 0.0021000000000000003 1.91164529914
3641 0.735 0.0009 0.725 0.0009 0.918533389687
7255 0.705 0.0024749999999999998 0.7 0.001075 2.15306022409
5338 0.71 0.0017000000000000001 0.71 0.001225 1.69269230769
8533 0.72 0.0012000000000000001 0.72 0.000625 1.19379989668
3835 0.695 0.001225 0.7 0.001 1.49487179487
5396 0.715 0.0015750000000000002 0.71 0.0014500000000000001 1.5235042735 
