3373 0.695 0.0017000000000000001 0.675 0.001325 4.18367435732
10041 0.745 0.0019500000000000001 0.73 0.00095 4.81822233824
6825 0.745 0.0027500000000000003 0.73 0.0015750000000000002 2.80896848878
4935 0.66 0.0020250000000000003 0.665 0.001075 3.12407837888
2812 0.75 0.00135 0.755 0.0009 3.27059380163
2982 0.685 0.0015500000000000002 0.685 0.0011250000000000001 2.45505658871
4712 0.68 0.0014750000000000002 0.66 0.001 3.68275241853
9106 0.66 0.0016250000000000001 0.65 0.000625 5.22810663318
4027 0.695 0.0019 0.685 0.00065 4.95389743865
2639 0.705 0.0014500000000000001 0.705 0.000925 5.29453121288
3037 0.71 0.0017250000000000002 0.725 0.000625 4.18685253786
4219 0.735 0.001925 0.74 0.0014750000000000002 2.80362619406
12172 0.785 0.002425 0.78 0.001225 5.80446369869
5000 0.775 0.0013 0.74 0.00045 3.54277660374
2393 0.775 0.0010750000000000002 0.765 0.000575 3.58736754071
2632 0.72 0.0008500000000000001 0.71 0.0007000000000000001 3.36440657131
12356 0.72 0.0024000000000000002 0.71 0.001 4.39719300936
10099 0.69 0.0025250000000000008 0.685 0.0019500000000000001 5.50429800717
3119 0.685 0.0013750000000000001 0.69 0.001025 4.69179960938
7106 0.705 0.001575 0.695 0.00125 2.23803465765
2036 0.75 0.0014750000000000002 0.74 0.0013 2.66012491782
2840 0.76 0.0013 0.755 0.0013 4.18236093846
3147 0.665 0.0020250000000000003 0.65 0.001025 3.30758497285
6945 0.7 0.002075 0.7 0.0014500000000000001 5.63232249903
3641 0.735 0.0009 0.725 0.000675 2.56289938065
7255 0.705 0.0024749999999999998 0.685 0.000925 6.57302627363
5338 0.71 0.0017000000000000001 0.7 0.0002 6.1193219714
8533 0.72 0.0012000000000000001 0.7 0.00065 5.2927581506
3835 0.695 0.001225 0.7 0.000575 5.00060761386
5396 0.715 0.0015750000000000002 0.7 0.000825 4.95313728253 
