65218 0.73 0.093475 0.72 0.10455000000000002 8.14934639141
136439 0.75 0.1341 0.785 0.00865 8.27708557782
32476 0.77 0.04245000000000001 0.735 0.0 7.77394759087
74253 0.73 0.10607500000000002 0.715 0.000475 8.19081555699
20068 0.775 0.009325000000000002 0.735 0.027525000000000004 6.49654611351
39938 0.795 0.04295 0.785 0.0001 7.91494433671
70555 0.72 0.08285000000000001 0.73 0.011200000000000002 7.78465121354
86960 0.75 0.086975 0.74 0.04005000000000001 8.30909116901
103323 0.755 0.09147500000000001 0.725 0.01315 7.98787671479
72607 0.735 0.093825 0.715 0.017974999999999998 8.02965411412
105194 0.715 0.115 0.725 0.027000000000000003 8.16329848508
33920 0.78 0.041325 0.775 0.016800000000000002 7.61761558074
18012 0.765 0.025849999999999998 0.755 0.0661 7.42101289233
83487 0.72 0.094325 0.735 0.013600000000000001 8.12768899276
119246 0.74 0.105675 0.73 0.01865 8.22471889347
124536 0.705 0.1323 0.715 0.0379 8.11263743169
76663 0.745 0.0888 0.74 0.056275000000000006 8.25802300013
50356 0.68 0.07785 0.725 0.0016 7.97460914149
150124 0.725 0.12020000000000002 0.77 0.025374999999999995 8.23262047028
41419 0.755 0.076 0.7 0.00385 7.75597387278
118612 0.715 0.13355 0.73 0.023250000000000003 8.19008263858
27788 0.76 0.03675 0.755 0.0816 7.71447673744
48367 0.735 0.069275 0.77 0.01395 7.71208234576
124964 0.755 0.122175 0.73 0.0132 8.27788124521
69947 0.75 0.08650000000000001 0.71 0.03275 8.02199314637
30408 0.75 0.038775000000000004 0.695 0.042425 7.92938861541
150166 0.71 0.143575 0.685 0.06512500000000002 8.29531694927
90858 0.78 0.124275 0.78 0.02785 8.04981126968
25087 0.745 0.0429 0.715 0.050375 7.44657022967
100124 0.755 0.12927499999999997 0.745 0.08805 8.10219809226
