65218 0.73 0.093475 0.71 0.011125000000000001 7.1640896911
136439 0.75 0.1341 0.765 0.003775 6.81088785021
32476 0.77 0.04245000000000001 0.72 0.012 6.56147191421
74253 0.73 0.10607500000000002 0.695 0.00415 6.66498617396
20068 0.775 0.009325000000000002 0.79 0.029475 4.48413263333
39938 0.795 0.04295 0.795 0.0037750000000000006 6.82322236587
70555 0.72 0.08285000000000001 0.71 0.0216 6.59051882883
86960 0.75 0.086975 0.73 0.004125 6.51993124272
103323 0.755 0.09147500000000001 0.755 0.0027500000000000003 6.69005421301
72607 0.735 0.093825 0.7 0.012975 7.24100170442
105194 0.715 0.115 0.715 0.008875000000000001 7.16302349737
33920 0.78 0.041325 0.795 0.004025 6.41285465665
18012 0.765 0.025849999999999998 0.74 0.05902500000000001 5.54782668688
83487 0.72 0.094325 0.75 0.011075 6.85746575947
119246 0.74 0.105675 0.765 0.006875 6.91911351721
124536 0.705 0.1323 0.695 0.038325 7.0452941729
76663 0.745 0.0888 0.76 0.07535 7.08094954945
50356 0.68 0.07785 0.705 0.005325 7.24183898806
150124 0.725 0.12020000000000002 0.775 0.00825 6.79692061835
41419 0.755 0.076 0.7 0.00815 6.01437966508
118612 0.715 0.13355 0.7 0.0020250000000000003 7.01657000868
27788 0.76 0.03675 0.725 0.021975 6.50093606871
48367 0.735 0.069275 0.735 0.0123 6.79905960806
124964 0.755 0.122175 0.72 0.022525000000000003 7.56451664097
69947 0.75 0.08650000000000001 0.735 0.09075 7.01166821364
30408 0.75 0.038775000000000004 0.695 0.04432500000000001 6.18151094758
150166 0.71 0.143575 0.68 0.068875 7.56297440869
90858 0.78 0.124275 0.765 0.0072499999999999995 7.15681603213
25087 0.745 0.0429 0.76 0.03162499999999999 6.21487673965
100124 0.755 0.12927499999999997 0.765 0.037725 6.773244866
