65218 0.73 0.093475 0.745 0.030275000000000003 7.64870194035
136439 0.75 0.1341 0.745 0.005449999999999999 7.84876136056
32476 0.77 0.04245000000000001 0.725 0.0007000000000000001 7.69863321068
74253 0.73 0.10607500000000002 0.745 0.0062 8.08114851463
20068 0.775 0.009325000000000002 0.775 0.004075 6.16511254206
39938 0.795 0.04295 0.78 0.006075 7.67582271173
70555 0.72 0.08285000000000001 0.7 0.0032 7.47600874867
86960 0.75 0.086975 0.74 0.0161 8.0755855281
103323 0.755 0.09147500000000001 0.73 0.027825000000000003 7.63884068421
72607 0.735 0.093825 0.705 0.012150000000000001 7.64285026437
105194 0.715 0.115 0.725 0.01565 7.75798482312
33920 0.78 0.041325 0.775 0.004300000000000001 7.21436608765
18012 0.765 0.025849999999999998 0.75 0.09650000000000002 7.10390333649
83487 0.72 0.094325 0.77 0.012275000000000001 7.79491871503
119246 0.74 0.105675 0.755 0.00485 7.92231633877
124536 0.705 0.1323 0.685 0.05457500000000001 7.72468535737
76663 0.745 0.0888 0.725 0.07435 8.03879339113
50356 0.68 0.07785 0.7 0.0009 7.66207557777
150124 0.725 0.12020000000000002 0.755 0.016225 7.97089624805
41419 0.755 0.076 0.715 0.00095 7.51456987332
118612 0.715 0.13355 0.705 0.0012250000000000002 7.90448563251
27788 0.76 0.03675 0.74 0.01905 7.47614471627
48367 0.735 0.069275 0.8 2.5e-05 7.36016824678
124964 0.755 0.122175 0.73 0.041225000000000005 8.04867891536
69947 0.75 0.08650000000000001 0.73 0.087575 7.72166212245
30408 0.75 0.038775000000000004 0.72 0.04650000000000001 7.47034141073
150166 0.71 0.143575 0.685 0.050475000000000006 8.16881185808
90858 0.78 0.124275 0.78 0.06735000000000001 7.83700068785
25087 0.745 0.0429 0.75 0.010475000000000002 7.35445430637
100124 0.755 0.12927499999999997 0.745 0.07275000000000001 7.89108086232
