80989 0.74 0.080325 0.715 0.003325
159336 0.66 0.152375 0.66 0.01975
85188 0.71 0.11 0.69 0.065125
15749 0.71 0.028725 0.7 0.00905
145096 0.73 0.131225 0.695 0.01965
27426 0.675 0.034875 0.635 0.010575
110766 0.77 0.136525 0.745 0.1332
63410 0.705 0.07565 0.73 0.004475
22418 0.815 0.031875 0.765 0.005425
128533 0.74 0.152425 0.745 0.0496
12905 0.68 0.022225 0.705 0.04955
68954 0.745 0.08045 0.725 0.028825
10355 0.705 0.01005 0.7 0.041625
91426 0.835 0.0927 0.78 0.02315
12595 0.745 0.018875 0.72 0.07125
47079 0.775 0.050425 0.79 0.024775
78484 0.735 0.0848 0.72 0.013075
154015 0.78 0.12795 0.785 0.08645
57594 0.755 0.08675 0.715 0.021375
176533 0.715 0.157575 0.76 0.02095
119944 0.725 0.123225 0.72 0.07035
90226 0.79 0.103375 0.76 0.0301
41692 0.735 0.068475 0.745 0.087275
235201 0.77 0.17725 0.735 0.102925
133343 0.7 0.147275 0.705 0.075475
122739 0.745 0.127925 0.74 0.031625
106961 0.74 0.1278 0.75 0.03955
60504 0.735 0.089625 0.735 0.071825
90654 0.755 0.07835 0.755 0.058975
151529 0.735 0.14655 0.705 0.041625
