172316 0.71 0.15410000000000001 0.74 0.089475 6.1034956823 
79186 0.78 0.08185 0.77 0.06535 6.6790184338 
129096 0.765 0.10205000000000002 0.785 0.142675 5.80501316306 
210254 0.785 0.170525 0.775 0.11472500000000001 6.61971019177 
34711 0.765 0.039525 0.77 0.08434999999999998 3.87036624512 
165708 0.78 0.144325 0.77 0.056650000000000006 6.18789391102 
94461 0.805 0.11280000000000001 0.795 0.07734999999999999 6.34437851867 
222455 0.775 0.13755 0.765 0.054275000000000004 5.83173865601 
46027 0.71 0.039425 0.735 0.07640000000000001 6.10836289151 
123537 0.73 0.08125 0.73 0.048900000000000006 5.82969184913 
86909 0.75 0.0862 0.75 0.07155000000000002 5.90854902513 
132439 0.755 0.12607500000000002 0.715 0.070125 6.44064189581 
185709 0.745 0.142625 0.735 0.058325000000000016 6.93663563058 
146761 0.8 0.11417500000000003 0.815 0.02215 6.41296244731 
62994 0.775 0.08172499999999999 0.78 0.08215 6.69403499467 
116278 0.76 0.09375 0.76 0.077625 5.79521663103 
103744 0.705 0.099925 0.71 0.03565 6.94003732065 
233797 0.73 0.1435 0.73 0.0623 6.55313931292 
180844 0.8 0.118175 0.775 0.06365 6.2613448555 
142639 0.77 0.10342500000000002 0.795 0.10557500000000002 6.60808264134 
240572 0.78 0.135025 0.79 0.10642500000000002 6.78840707683 
222453 0.75 0.17059999999999997 0.69 0.024874999999999998 6.7226108984 
102317 0.775 0.08082500000000001 0.795 0.130675 5.64427180537 
213302 0.75 0.15015 0.735 0.1198 6.25617499268 
145278 0.755 0.1429 0.77 0.08797500000000001 5.92367033796 
71903 0.8 0.05755000000000001 0.825 0.074575 6.68365757546 
200348 0.74 0.163925 0.735 0.112975 6.10111366637 
86493 0.76 0.11235 0.795 0.07339999999999999 5.65668252311 
56078 0.775 0.06885000000000001 0.8 0.047799999999999995 5.73700240057 
231779 0.725 0.11510000000000002 0.71 0.0554 6.56692749684 
