286808 0.829111008752 0.167075 0.830492860433 0.088425
287717 0.837095040688 0.058225 0.830339321357 0.036575
332098 0.832949485644 0.192475 0.835559649931 0.045325
156533 0.83202825119 0.081675 0.830646399509 0.0892
261650 0.825426070935 0.0721 0.823276523875 0.03735
138713 0.825886688162 0.03895 0.830185782282 0.020225
136252 0.830646399509 0.03525 0.830799938584 0.024825
103171 0.828957469676 0.02065 0.830799938584 0.048475
132330 0.839398126823 0.119775 0.828496852449 0.0558
201806 0.836020267158 0.042575 0.830339321357 0.02055
308718 0.835866728082 0.1705 0.836173806234 0.0445
239920 0.833410102871 0.0993 0.834484876401 0.0427
234794 0.837862736066 0.0377 0.836634423461 0.011125
130954 0.834791954552 0.02285 0.829725165055 0.015
174638 0.84200829111 0.044 0.839398126823 0.0125
242734 0.817288499923 0.123475 0.822815906648 0.02985
306651 0.838016275142 0.162275 0.833563641947 0.072325
189423 0.826193766314 0.103 0.834791954552 0.02955
400363 0.838937509596 0.2227 0.83525257178 0.07545
324613 0.827422078919 0.09855 0.826654383541 0.06275
156861 0.835406110855 0.034 0.836480884385 0.01475
165455 0.83525257178 0.070225 0.825579610011 0.026275
330030 0.835099032704 0.092575 0.837862736066 0.065625
240864 0.83525257178 0.042 0.83878397052 0.012875
130390 0.838630431445 0.044 0.830185782282 0.024725
265302 0.832181790266 0.114325 0.820819898664 0.02935
194020 0.82987870413 0.104775 0.822662367573 0.036225
374589 0.825426070935 0.29545 0.819130968832 0.100175
215521 0.829111008752 0.076175 0.832488868417 0.02075
234682 0.820359281437 0.066675 0.816981421772 0.0294
