80989 0.74 0.080325 0.75 0.0408
159336 0.66 0.152375 0.67 0.1309
85188 0.71 0.11 0.73 0.090425
15749 0.71 0.028725 0.695 0.058275
145096 0.73 0.131225 0.71 0.18545
27426 0.675 0.034875 0.645 0.12175
110766 0.77 0.136525 0.745 0.144175
63410 0.705 0.07565 0.735 0.01385
22418 0.815 0.031875 0.735 0.0404
128533 0.74 0.152425 0.75 0.136
12905 0.68 0.022225 0.685 0.03325
68954 0.745 0.08045 0.715 0.15655
10355 0.705 0.01005 0.7 0.0548
91426 0.835 0.0927 0.81 0.12885
12595 0.745 0.018875 0.705 0.16555
47079 0.775 0.050425 0.785 0.183725
78484 0.735 0.0848 0.725 0.14555
154015 0.78 0.12795 0.755 0.1701
57594 0.755 0.08675 0.74 0.11445
176533 0.715 0.157575 0.74 0.146925
119944 0.725 0.123225 0.7 0.135025
90226 0.79 0.103375 0.785 0.114425
41692 0.735 0.068475 0.77 0.0962
235201 0.77 0.17725 0.75 0.1606
133343 0.7 0.147275 0.715 0.214975
122739 0.745 0.127925 0.725 0.151425
106961 0.74 0.1278 0.72 0.13165
60504 0.735 0.089625 0.735 0.119875
90654 0.755 0.07835 0.755 0.10445
151529 0.735 0.14655 0.75 0.101625
