276328 0.828650391525 0.11760000000000001 0.829111008752 0.064475 3.82562381741 
155651 0.836020267158 0.031974999999999996 0.840779978505 0.10690000000000001 3.56971718025 
167715 0.84093351758 0.0482 0.838169814218 0.041925 3.62562653935 
226768 0.83202825119 0.051025 0.826961461692 0.045250000000000005 3.62050732576 
290613 0.835866728082 0.18709999999999996 0.834945493628 0.1011 3.46383556895 
242783 0.826654383541 0.06797500000000001 0.828343313373 0.0938 3.8860089221 
177665 0.834945493628 0.037200000000000004 0.827268539843 0.0843 3.6917774324 
256586 0.835099032704 0.09052500000000001 0.840626439429 0.039650000000000005 3.38978715798 
270386 0.833256563795 0.18404999999999996 0.836480884385 0.0271 3.6763227399 
312421 0.836787962536 0.10262500000000001 0.839244587748 0.0315 3.47226189297 
345865 0.81206817135 0.16322499999999998 0.826193766314 0.07092500000000002 3.60409194028 
310174 0.838169814218 0.16464999999999996 0.83202825119 0.0354 3.79707074429 
94575 0.835713189007 0.017025000000000002 0.834791954552 0.050425000000000005 3.66981288636 
241766 0.829111008752 0.052425000000000006 0.831567633963 0.050275 3.43288317284 
156252 0.825426070935 0.027475 0.825118992784 0.10880000000000002 3.70020849331 
239642 0.834945493628 0.04282500000000001 0.837095040688 0.16972499999999996 3.8584096494 
115444 0.83095347766 0.019325 0.834331337325 0.018525 3.63595530409 
240363 0.825426070935 0.14 0.823890680178 0.05717500000000001 3.62132410734 
299132 0.839398126823 0.194075 0.836173806234 0.033975 3.80090977248 
264228 0.823583602027 0.09510000000000002 0.831414094887 0.0756 3.71702829452 
206191 0.833256563795 0.033725 0.831260555811 0.144775 4.05573612006 
311424 0.83985874405 0.163375 0.836480884385 0.083975 3.48025493043 
167067 0.835713189007 0.0279 0.833870720098 0.27725 3.74078643398 
157829 0.845539689851 0.054275000000000004 0.841394134807 0.074125 3.65309171074 
196729 0.835713189007 0.06375000000000001 0.834945493628 0.06895 3.72190937778 
399709 0.838630431445 0.27042499999999997 0.839244587748 0.017650000000000002 3.7667298943 
421835 0.835866728082 0.28855 0.837402118839 0.027150000000000004 3.75465785682 
196991 0.837555657915 0.06415000000000001 0.838323353293 0.08535 3.50997357987 
167656 0.832795946568 0.054125000000000006 0.84630738523 0.035525 3.88577314917 
326919 0.839551665899 0.256925 0.836327345309 0.03440000000000001 3.75308196197 
