276328 0.828650391525 0.11760000000000001 0.829571625979 0.036125 4.17409223238 
155651 0.836020267158 0.031974999999999996 0.842161830186 0.048875 4.06588743643 
167715 0.84093351758 0.0482 0.839398126823 0.060975 4.0861022347 
226768 0.83202825119 0.051025 0.834638415477 0.023825000000000002 4.038202467 
290613 0.835866728082 0.18709999999999996 0.839398126823 0.089175 4.12262816599 
242783 0.826654383541 0.06797500000000001 0.828343313373 0.061875 4.1905801028 
177665 0.834945493628 0.037200000000000004 0.826500844465 0.139 4.30760333353 
256586 0.835099032704 0.09052500000000001 0.837095040688 0.09480000000000001 4.11581169077 
270386 0.833256563795 0.18404999999999996 0.837095040688 0.0417 4.20610867351 
312421 0.836787962536 0.10262500000000001 0.840472900353 0.038275 4.02669226515 
345865 0.81206817135 0.16322499999999998 0.822662367573 0.039075000000000006 4.11657442555 
310174 0.838169814218 0.16464999999999996 0.826347305389 0.037250000000000005 4.16656138823 
94575 0.835713189007 0.017025000000000002 0.837248579764 0.0252 4.17737982194 
241766 0.829111008752 0.052425000000000006 0.83310302472 0.051975000000000014 4.15709046909 
156252 0.825426070935 0.027475 0.828957469676 0.11922500000000003 4.12766380797 
239642 0.834945493628 0.04282500000000001 0.835406110855 0.11885000000000001 4.1437551773 
115444 0.83095347766 0.019325 0.833870720098 0.01805 4.01119917802 
240363 0.825426070935 0.14 0.825886688162 0.025775000000000003 4.09502626508 
299132 0.839398126823 0.194075 0.835406110855 0.09545000000000002 4.12220674272 
264228 0.823583602027 0.09510000000000002 0.826347305389 0.07145 4.21809976088 
206191 0.833256563795 0.033725 0.831567633963 0.1366 4.11798338741 
311424 0.83985874405 0.163375 0.836480884385 0.05612500000000001 4.01127626733 
167067 0.835713189007 0.0279 0.830339321357 0.03665 4.13275728914 
157829 0.845539689851 0.054275000000000004 0.849071088592 0.0441 4.1558252323 
196729 0.835713189007 0.06375000000000001 0.832949485644 0.0181 4.25080248301 
399709 0.838630431445 0.27042499999999997 0.846153846154 0.019125 4.11017066142 
421835 0.835866728082 0.28855 0.835406110855 0.026275 4.14975368308 
196991 0.837555657915 0.06415000000000001 0.836634423461 0.04797500000000001 4.25768805105 
167656 0.832795946568 0.054125000000000006 0.844311377246 0.05370000000000001 4.21213665558 
326919 0.839551665899 0.256925 0.832795946568 0.087275 4.10008091596 
