276328 0.828650391525 0.11760000000000001 0.832642407493 0.0334 4.11380616834 
155651 0.836020267158 0.031974999999999996 0.838016275142 0.059225000000000014 3.98769679329 
167715 0.84093351758 0.0482 0.838016275142 0.049725 4.05727044224 
226768 0.83202825119 0.051025 0.836787962536 0.034075 3.96819345327 
290613 0.835866728082 0.18709999999999996 0.836173806234 0.086725 4.01820787313 
242783 0.826654383541 0.06797500000000001 0.829111008752 0.060899999999999996 4.09700636675 
177665 0.834945493628 0.037200000000000004 0.825272531859 0.072075 4.22750104929 
256586 0.835099032704 0.09052500000000001 0.837862736066 0.129825 4.0094113795 
270386 0.833256563795 0.18404999999999996 0.838630431445 0.05247500000000001 4.11852611623 
312421 0.836787962536 0.10262500000000001 0.840779978505 0.08482500000000001 3.96236483004 
345865 0.81206817135 0.16322499999999998 0.837862736066 0.04015 4.04711452466 
310174 0.838169814218 0.16464999999999996 0.829418086903 0.039475 4.09766115864 
94575 0.835713189007 0.017025000000000002 0.837402118839 0.035250000000000004 4.06471404236 
241766 0.829111008752 0.052425000000000006 0.829264547827 0.05465 4.05064078832 
156252 0.825426070935 0.027475 0.825426070935 0.0462 4.14223700064 
239642 0.834945493628 0.04282500000000001 0.83525257178 0.1315 4.11272464236 
115444 0.83095347766 0.019325 0.835866728082 0.041425000000000003 3.89875741252 
240363 0.825426070935 0.14 0.823583602027 0.03445 4.04358613195 
299132 0.839398126823 0.194075 0.828036235222 0.1159 3.9980930502 
264228 0.823583602027 0.09510000000000002 0.828957469676 0.067325 4.04364769396 
206191 0.833256563795 0.033725 0.830339321357 0.180625 4.10825719943 
311424 0.83985874405 0.163375 0.836634423461 0.06775 3.925476242 
167067 0.835713189007 0.0279 0.837095040688 0.08932500000000002 4.04092903006 
157829 0.845539689851 0.054275000000000004 0.84630738523 0.06670000000000002 4.09744452314 
196729 0.835713189007 0.06375000000000001 0.830339321357 0.021175000000000003 4.13343826995 
399709 0.838630431445 0.27042499999999997 0.830799938584 0.024874999999999998 4.03437005753 
421835 0.835866728082 0.28855 0.835099032704 0.046325000000000005 4.09210076541 
196991 0.837555657915 0.06415000000000001 0.836173806234 0.025175 4.15079720182 
167656 0.832795946568 0.054125000000000006 0.844618455397 0.042675 4.19822256302 
326919 0.839551665899 0.256925 0.83310302472 0.06117500000000001 4.05060264187 
