276328 0.828650391525 0.11760000000000001 0.826807922616 0.05657500000000001 2.07078110787 
155651 0.836020267158 0.031974999999999996 0.818516812529 0.04965000000000001 2.3788140731 
167715 0.84093351758 0.0482 0.837095040688 0.0858 2.16861397534 
226768 0.83202825119 0.051025 0.829418086903 0.060775 1.67955951788 
290613 0.835866728082 0.18709999999999996 0.834024259174 0.068275 2.76348666686 
242783 0.826654383541 0.06797500000000001 0.826961461692 0.1369 2.31034097392 
177665 0.834945493628 0.037200000000000004 0.830185782282 0.3964749999999999 3.2229554753 
256586 0.835099032704 0.09052500000000001 0.836480884385 0.06635 2.74986262907 
270386 0.833256563795 0.18404999999999996 0.837248579764 0.142975 2.4210152591 
312421 0.836787962536 0.10262500000000001 0.833410102871 0.18427500000000002 2.51823552031 
345865 0.81206817135 0.16322499999999998 0.831260555811 0.16200000000000003 2.75910030447 
310174 0.838169814218 0.16464999999999996 0.83417779825 0.11277500000000001 1.90335798444 
94575 0.835713189007 0.017025000000000002 0.831107016736 0.026625 1.60433441208 
241766 0.829111008752 0.052425000000000006 0.830032243206 0.12102500000000002 0.477186741209 
156252 0.825426070935 0.027475 0.826347305389 0.03355 3.12798855201 
239642 0.834945493628 0.04282500000000001 0.836173806234 0.15987500000000002 2.68993231882 
115444 0.83095347766 0.019325 0.833256563795 0.028225000000000004 1.89209137794 
240363 0.825426070935 0.14 0.822815906648 0.07195 2.72131514029 
299132 0.839398126823 0.194075 0.828650391525 0.1191 1.2634018441 
264228 0.823583602027 0.09510000000000002 0.82772915707 0.12445 2.62321105377 
206191 0.833256563795 0.033725 0.830339321357 0.13345 1.24144946947 
311424 0.83985874405 0.163375 0.844618455397 0.175475 1.5426082261 
167067 0.835713189007 0.0279 0.83417779825 0.125275 2.0286762559 
157829 0.845539689851 0.054275000000000004 0.842775986489 0.04255 2.6804681746 
196729 0.835713189007 0.06375000000000001 0.831260555811 0.03535 1.81261990501 
399709 0.838630431445 0.27042499999999997 0.813603562107 0.05855000000000001 2.72510403383 
421835 0.835866728082 0.28855 0.834638415477 0.11127500000000001 1.8547219388 
196991 0.837555657915 0.06415000000000001 0.838476892369 0.08370000000000001 1.30133729303 
167656 0.832795946568 0.054125000000000006 0.844771994473 0.1 1.51232427199 
326919 0.839551665899 0.256925 0.838169814218 0.123675 1.01977461945 
