276328 0.828650391525 0.11760000000000001 0.830339321357 0.11240000000000001 3.38824089786 
155651 0.836020267158 0.031974999999999996 0.837709196991 0.065375 3.09944736338 
167715 0.84093351758 0.0482 0.837709196991 0.074225 3.44576089867 
226768 0.83202825119 0.051025 0.835866728082 0.029175000000000003 3.39708712232 
290613 0.835866728082 0.18709999999999996 0.837248579764 0.09927500000000002 3.11864911455 
242783 0.826654383541 0.06797500000000001 0.827422078919 0.066775 3.84266248782 
177665 0.834945493628 0.037200000000000004 0.831414094887 0.12304999999999999 3.54017799396 
256586 0.835099032704 0.09052500000000001 0.836480884385 0.0964 3.17694664538 
270386 0.833256563795 0.18404999999999996 0.834945493628 0.06530000000000001 3.5450227991 
312421 0.836787962536 0.10262500000000001 0.83417779825 0.07852500000000001 3.10744417617 
345865 0.81206817135 0.16322499999999998 0.836173806234 0.103125 3.34576432834 
310174 0.838169814218 0.16464999999999996 0.832795946568 0.06655000000000001 3.4462647981 
94575 0.835713189007 0.017025000000000002 0.836020267158 0.021275000000000002 3.63450186557 
241766 0.829111008752 0.052425000000000006 0.831721173039 0.092175 3.15412598216 
156252 0.825426070935 0.027475 0.825272531859 0.042625 3.75146320756 
239642 0.834945493628 0.04282500000000001 0.831721173039 0.09695000000000001 3.37146198642 
115444 0.83095347766 0.019325 0.833410102871 0.013175000000000001 3.48294968371 
240363 0.825426070935 0.14 0.826347305389 0.09275 4.10246337132 
299132 0.839398126823 0.194075 0.83310302472 0.066875 3.44434976366 
264228 0.823583602027 0.09510000000000002 0.829725165055 0.06182500000000001 3.72750530233 
206191 0.833256563795 0.033725 0.827882696146 0.12710000000000002 3.56294972782 
311424 0.83985874405 0.163375 0.83985874405 0.09552500000000003 3.25588022254 
167067 0.835713189007 0.0279 0.836327345309 0.10350000000000001 3.53587342557 
157829 0.845539689851 0.054275000000000004 0.84200829111 0.047375 3.37457598299 
196729 0.835713189007 0.06375000000000001 0.83202825119 0.05182500000000001 3.47111827223 
399709 0.838630431445 0.27042499999999997 0.845846768002 0.024750000000000005 3.56994573997 
421835 0.835866728082 0.28855 0.834484876401 0.0727 3.56424931992 
196991 0.837555657915 0.06415000000000001 0.83878397052 0.09040000000000001 3.21002452857 
167656 0.832795946568 0.054125000000000006 0.843850760018 0.0597 3.79495186136 
326919 0.839551665899 0.256925 0.834331337325 0.026125000000000002 3.54126264982 
