276328 0.828650391525 0.11760000000000001 0.829725165055 0.034375 4.27664593441 
155651 0.836020267158 0.031974999999999996 0.837248579764 0.05000000000000001 4.22536040477 
167715 0.84093351758 0.0482 0.840319361277 0.04404999999999999 4.17492777521 
226768 0.83202825119 0.051025 0.835713189007 0.032175 4.09756244863 
290613 0.835866728082 0.18709999999999996 0.840165822202 0.06482500000000001 4.30977609457 
242783 0.826654383541 0.06797500000000001 0.826193766314 0.06192500000000001 4.23771442507 
177665 0.834945493628 0.037200000000000004 0.834945493628 0.09127500000000001 4.40242213202 
256586 0.835099032704 0.09052500000000001 0.836480884385 0.09852499999999999 4.14153498743 
270386 0.833256563795 0.18404999999999996 0.837862736066 0.062325 4.26240561459 
312421 0.836787962536 0.10262500000000001 0.840779978505 0.0388 4.15546482603 
345865 0.81206817135 0.16322499999999998 0.82772915707 0.06695000000000001 4.19084316339 
310174 0.838169814218 0.16464999999999996 0.835099032704 0.020425000000000006 4.25786500545 
94575 0.835713189007 0.017025000000000002 0.830799938584 0.01075 4.37512613586 
241766 0.829111008752 0.052425000000000006 0.834331337325 0.06120000000000001 4.20524323477 
156252 0.825426070935 0.027475 0.835099032704 0.09052500000000001 4.37251048425 
239642 0.834945493628 0.04282500000000001 0.829264547827 0.201725 4.22862268163 
115444 0.83095347766 0.019325 0.835713189007 0.0152 4.08661492036 
240363 0.825426070935 0.14 0.818516812529 0.046150000000000004 4.15307015309 
299132 0.839398126823 0.194075 0.836020267158 0.031950000000000006 4.20734033257 
264228 0.823583602027 0.09510000000000002 0.828036235222 0.06590000000000001 4.46792221629 
206191 0.833256563795 0.033725 0.828189774298 0.119575 4.21392254911 
311424 0.83985874405 0.163375 0.843850760018 0.044300000000000006 4.11059926921 
167067 0.835713189007 0.0279 0.836020267158 0.21932500000000002 5.24173678649 
157829 0.845539689851 0.054275000000000004 0.840012283126 0.078375 4.24588409482 
196729 0.835713189007 0.06375000000000001 0.832181790266 0.01525 4.32041750215 
399709 0.838630431445 0.27042499999999997 0.839091048672 0.017425 4.14523644078 
421835 0.835866728082 0.28855 0.836480884385 0.06872500000000001 4.20775878251 
196991 0.837555657915 0.06415000000000001 0.837402118839 0.049275 5.73619446182 
167656 0.832795946568 0.054125000000000006 0.848764010441 0.05065 4.25976336235 
326919 0.839551665899 0.256925 0.830185782282 0.085 4.14543303814 
