3373 0.695 0.0017000000000000001 0.685 0.001575 2.95308572147
10041 0.745 0.0019500000000000001 0.73 0.0012000000000000001 4.96898279824
6825 0.745 0.0027500000000000003 0.73 0.00125 4.67696416831
4935 0.66 0.0020250000000000003 0.665 0.0011 2.75180325582
2812 0.75 0.00135 0.74 0.00075 5.35440270388
2982 0.685 0.0015500000000000002 0.685 0.0014500000000000001 2.11259861933
4712 0.68 0.0014750000000000002 0.67 0.001 3.38891615423
9106 0.66 0.0016250000000000001 0.67 0.0007500000000000001 3.24490342488
4027 0.695 0.0019 0.685 0.001025 3.14851343101
2639 0.705 0.0014500000000000001 0.7 0.0007250000000000001 4.21006799762
3037 0.71 0.0017250000000000002 0.71 0.0011 1.84433878087
4219 0.735 0.001925 0.74 0.0010500000000000002 6.24820807021
12172 0.785 0.002425 0.775 0.00115 5.46922041005
5000 0.775 0.0013 0.76 0.00095 2.72088430046
2393 0.775 0.0010750000000000002 0.765 0.00055 2.0925107321
2632 0.72 0.0008500000000000001 0.71 0.001025 3.86998567672
12356 0.72 0.0024000000000000002 0.71 0.001 3.50072602612
10099 0.69 0.0025250000000000008 0.69 0.0011250000000000001 4.99884956546
3119 0.685 0.0013750000000000001 0.69 0.001225 4.21812275206
7106 0.705 0.001575 0.69 0.0010750000000000002 3.54380764535
2036 0.75 0.0014750000000000002 0.74 0.001275 2.24703202779
2840 0.76 0.0013 0.75 0.00095 4.28995352185
3147 0.665 0.0020250000000000003 0.65 0.001025 1.68056259979
6945 0.7 0.002075 0.695 0.0016000000000000003 5.98769454527
3641 0.735 0.0009 0.72 0.000425 5.78090872049
7255 0.705 0.0024749999999999998 0.685 0.0008 5.4520603705
5338 0.71 0.0017000000000000001 0.705 0.000575 5.28132828082
8533 0.72 0.0012000000000000001 0.71 0.0006 4.37513900629
3835 0.695 0.001225 0.7 0.0010500000000000002 3.71924344886
5396 0.715 0.0015750000000000002 0.695 0.0008750000000000001 4.8574473754 
