3373 0.695 0.0017000000000000001 0.675 0.00135 2.98562016917
10041 0.745 0.0019500000000000001 0.745 0.001075 3.04348990878
6825 0.745 0.0027500000000000003 0.735 0.0015500000000000002 2.18506151968
4935 0.66 0.0020250000000000003 0.67 0.00085 5.23657632086
2812 0.75 0.00135 0.745 0.000825 5.9720046934
2982 0.685 0.0015500000000000002 0.69 0.0008750000000000001 4.77342616533
4712 0.68 0.0014750000000000002 0.67 0.001225 2.39230769231
9106 0.66 0.0016250000000000001 0.65 0.000525 4.21972241559
4027 0.695 0.0019 0.685 0.000375 5.50648062973
2639 0.705 0.0014500000000000001 0.7 0.0009 2.05972574435
3037 0.71 0.0017250000000000002 0.715 0.00065 5.03428068663
4219 0.735 0.001925 0.755 0.001 2.94760861938
12172 0.785 0.002425 0.78 0.0010750000000000002 4.65086088873
5000 0.775 0.0013 0.76 0.001 2.00138888888
2393 0.775 0.0010750000000000002 0.765 0.0008000000000000001 3.59270893762
2632 0.72 0.0008500000000000001 0.71 0.0008500000000000001 6.09211980453
12356 0.72 0.0024000000000000002 0.705 0.001 2.05137652694
10099 0.69 0.0025250000000000008 0.685 0.0016 4.43243403278
3119 0.685 0.0013750000000000001 0.685 0.0010750000000000002 2.08069761435
7106 0.705 0.001575 0.695 0.0013750000000000001 3.17956106112
2036 0.75 0.0014750000000000002 0.74 0.00115 1.73428665351
2840 0.76 0.0013 0.75 0.0016250000000000001 2.79786692192
3147 0.665 0.0020250000000000003 0.665 0.0012250000000000002 2.8389300079
6945 0.7 0.002075 0.71 0.0014500000000000001 4.09646003569
3641 0.735 0.0009 0.72 0.000625 3.52166981586
7255 0.705 0.0024749999999999998 0.705 0.001275 3.61016448986
5338 0.71 0.0017000000000000001 0.71 0.001275 4.02021995978
8533 0.72 0.0012000000000000001 0.71 0.0008500000000000001 3.21244899144
3835 0.695 0.001225 0.705 0.00085 3.95826725562
5396 0.715 0.0015750000000000002 0.71 0.0014500000000000001 2.10845543346 
