3373 0.695 0.0017000000000000001 0.69 0.0011250000000000001 7.11956687606
10041 0.745 0.0019500000000000001 0.74 0.0012 6.62623372228
6825 0.745 0.0027500000000000003 0.71 0.000675 6.86631216195
4935 0.66 0.0020250000000000003 0.675 0.0006000000000000001 6.74001270726
2812 0.75 0.00135 0.75 0.00055 6.36307840099
2982 0.685 0.0015500000000000002 0.69 0.00065 5.59345535058
4712 0.68 0.0014750000000000002 0.67 0.0009750000000000001 6.28758408886
9106 0.66 0.0016250000000000001 0.67 0.00055 6.99360482655
4027 0.695 0.0019 0.685 0.0004 7.22577377499
2639 0.705 0.0014500000000000001 0.69 0.0007250000000000001 7.01314626047
3037 0.71 0.0017250000000000002 0.715 0.0005 6.84177829712
4219 0.735 0.001925 0.745 0.0007250000000000001 6.57812137083
12172 0.785 0.002425 0.77 0.001075 7.26617080758
5000 0.775 0.0013 0.74 0.0004 7.26189632263
2393 0.775 0.0010750000000000002 0.765 0.00055 6.64430387737
2632 0.72 0.0008500000000000001 0.71 0.000575 7.46252451671
12356 0.72 0.0024000000000000002 0.71 0.00085 6.67311639844
10099 0.69 0.0025250000000000008 0.695 0.0008 6.92494957154
3119 0.685 0.0013750000000000001 0.685 0.00045 7.08264559473
7106 0.705 0.001575 0.68 0.0005250000000000001 6.57351825149
2036 0.75 0.0014750000000000002 0.74 0.0010750000000000002 4.9207201421
2840 0.76 0.0013 0.75 0.0007500000000000001 6.41480266465
3147 0.665 0.0020250000000000003 0.655 0.0005 5.63780641054
6945 0.7 0.002075 0.69 0.001025 7.62805989259
3641 0.735 0.0009 0.71 0.0005 6.70496842524
7255 0.705 0.0024749999999999998 0.685 0.0007250000000000001 7.30346728435
5338 0.71 0.0017000000000000001 0.7 0.00030000000000000003 7.24714211128
8533 0.72 0.0012000000000000001 0.7 0.00045 7.07286661805
3835 0.695 0.001225 0.7 0.0004000000000000001 7.02825601246
5396 0.715 0.0015750000000000002 0.695 0.0008749999999999999 6.59692060453 
