3373 0.695 0.0017000000000000001 0.69 0.00095 5.01917514737
10041 0.745 0.0019500000000000001 0.73 0.0008500000000000001 5.58289572042
6825 0.745 0.0027500000000000003 0.71 0.000625 6.89336139978
4935 0.66 0.0020250000000000003 0.665 0.0013 5.11234915663
2812 0.75 0.00135 0.75 0.0007250000000000001 6.29056505837
2982 0.685 0.0015500000000000002 0.69 0.0009000000000000001 4.15826414787
4712 0.68 0.0014750000000000002 0.665 0.0007000000000000001 6.25152196973
9106 0.66 0.0016250000000000001 0.66 0.0007000000000000001 6.0163534329
4027 0.695 0.0019 0.685 0.00035000000000000005 6.64654850303
2639 0.705 0.0014500000000000001 0.69 0.000675 6.18064624667
3037 0.71 0.0017250000000000002 0.72 0.0009500000000000001 6.6306196305
4219 0.735 0.001925 0.735 0.0011 4.49375392958
12172 0.785 0.002425 0.775 0.000925 6.91063562506
5000 0.775 0.0013 0.74 0.00035000000000000005 6.53139532538
2393 0.775 0.0010750000000000002 0.765 0.00065 6.06170790999
2632 0.72 0.0008500000000000001 0.71 0.000575 6.20489263753
12356 0.72 0.0024000000000000002 0.71 0.0008749999999999999 5.54716183515
10099 0.69 0.0025250000000000008 0.68 0.00185 6.31687418163
3119 0.685 0.0013750000000000001 0.69 0.000675 5.97962574379
7106 0.705 0.001575 0.69 0.0009750000000000001 4.58494696104
2036 0.75 0.0014750000000000002 0.74 0.0011 4.29610515804
2840 0.76 0.0013 0.745 0.0008749999999999999 5.55952691728
3147 0.665 0.0020250000000000003 0.65 0.0013750000000000001 3.21350326521
6945 0.7 0.002075 0.695 0.0012250000000000002 6.79151893104
3641 0.735 0.0009 0.725 0.0009750000000000001 3.15175431909
7255 0.705 0.0024749999999999998 0.685 0.00065 6.81705032901
5338 0.71 0.0017000000000000001 0.705 0.0006 6.61456438986
8533 0.72 0.0012000000000000001 0.705 0.00085 6.48005150581
3835 0.695 0.001225 0.7 0.000525 6.89879942706
5396 0.715 0.0015750000000000002 0.7 0.000925 6.01146898602 
