36942 0.821434054967 0.019225 0.820512820513 0.09085
52809 0.821126976816 0.020275 0.820819898664 0.13995
71238 0.813450023031 0.026325 0.813603562107 0.132725
53183 0.818516812529 0.02185 0.818209734377 0.139475
47988 0.826347305389 0.0194 0.826347305389 0.1369
36572 0.823583602027 0.020775 0.824351297405 0.10115
37300 0.819130968832 0.01915 0.819284507907 0.107275
36565 0.827575617995 0.021775 0.826654383541 0.165275
32780 0.81774911715 0.020775 0.817288499923 0.1163
36288 0.818670351604 0.0199 0.817288499923 0.0579
37032 0.812375249501 0.021375 0.81206817135 0.1663
40928 0.821126976816 0.017125 0.821126976816 0.08885
33060 0.819745125134 0.019325 0.820205742361 0.13965
40225 0.81774911715 0.01685 0.816981421772 0.21375
49410 0.809150928911 0.02335 0.809304467987 0.19485
40505 0.816520804545 0.020925 0.817288499923 0.129575
48130 0.816981421772 0.020975 0.815906648242 0.137025
37329 0.823430062951 0.018925 0.823276523875 0.066475
53964 0.822815906648 0.02205 0.824351297405 0.156725
51213 0.82204821127 0.021575 0.822508828497 0.1343
50927 0.817442038999 0.021625 0.816367265469 0.126075
30815 0.81774911715 0.0151 0.817902656226 0.1091
43644 0.804851834792 0.01975 0.805312452019 0.113925
41242 0.81667434362 0.020675 0.81667434362 0.137025
47218 0.822815906648 0.01965 0.822508828497 0.18885
38013 0.812682327652 0.015125 0.81206817135 0.11875
48895 0.822201750345 0.0221 0.821894672194 0.159025
42948 0.823583602027 0.02305 0.824197758329 0.1563
31217 0.811300475971 0.019025 0.810532780593 0.14405
38212 0.817902656226 0.0216 0.817442038999 0.158125
