58501 0.846768002457 0.057 0.841854752034 0.137225
29004 0.839551665899 0.037875 0.831414094887 0.22795
14464 0.837248579764 0.013075 0.839705204975 0.140175
92819 0.848456932289 0.0682 0.844004299094 0.5629
104552 0.839091048672 0.091425 0.836787962536 0.3875
46362 0.844925533548 0.02185 0.837709196991 0.1184
46863 0.837555657915 0.04855 0.83310302472 0.23115
10568 0.840165822202 0.002225 0.840626439429 0.2932
3670 0.844311377246 0.006725 0.838016275142 0.244475
24456 0.840779978505 0.0157 0.830339321357 0.4792
43367 0.834331337325 0.020475 0.83202825119 0.010625
48499 0.822969445724 0.04645 0.821894672194 0.3749
21920 0.840319361277 0.032025 0.829418086903 0.128725
77085 0.832181790266 0.058025 0.830185782282 0.282625
94108 0.832488868417 0.07785 0.822508828497 0.281225
85856 0.836480884385 0.067125 0.840779978505 0.329325
16970 0.841087056656 0.032325 0.83525257178 0.280425
176434 0.841087056656 0.12905 0.827575617995 0.204275
101617 0.83525257178 0.067275 0.835559649931 0.5235
70303 0.827882696146 0.06845 0.828957469676 0.722025
91367 0.840319361277 0.070875 0.836480884385 0.337075
33801 0.841701212959 0.034025 0.838169814218 0.453
24093 0.84415783817 0.0192 0.83310302472 0.03015
36532 0.846921541532 0.01855 0.84630738523 0.360325
134317 0.83878397052 0.089 0.836941501612 0.3844
