80989 0.74 0.080325 0.735 0.0371
159336 0.66 0.152375 0.66 0.0707
85188 0.71 0.11 0.705 0.091725
15749 0.71 0.028725 0.715 0.03455
145096 0.73 0.131225 0.71 0.10075
27426 0.675 0.034875 0.645 0.132375
110766 0.77 0.136525 0.765 0.10695
63410 0.705 0.07565 0.725 0.08305
22418 0.815 0.031875 0.76 0.0203
128533 0.74 0.152425 0.735 0.166425
12905 0.68 0.022225 0.68 0.106625
68954 0.745 0.08045 0.755 0.169025
10355 0.705 0.01005 0.7 0.048825
91426 0.835 0.0927 0.81 0.0942
12595 0.745 0.018875 0.725 0.061925
47079 0.775 0.050425 0.76 0.0778
78484 0.735 0.0848 0.73 0.087475
154015 0.78 0.12795 0.78 0.197925
57594 0.755 0.08675 0.73 0.082375
176533 0.715 0.157575 0.745 0.1415
119944 0.725 0.123225 0.68 0.1826
90226 0.79 0.103375 0.795 0.0994
41692 0.735 0.068475 0.745 0.092925
235201 0.77 0.17725 0.76 0.15275
133343 0.7 0.147275 0.71 0.15865
122739 0.745 0.127925 0.735 0.1553
106961 0.74 0.1278 0.73 0.161175
60504 0.735 0.089625 0.72 0.08805
90654 0.755 0.07835 0.765 0.05065
151529 0.735 0.14655 0.72 0.1866
