11038 0.67 0.012675 0.67 0.102825
29479 0.715 0.013075 0.72 0.1085
43378 0.675 0.023775 0.67 0.067175
32485 0.74 0.021075 0.735 0.13555
48024 0.755 0.022575 0.76 0.134675
56937 0.685 0.03775 0.68 0.1606
59755 0.705 0.022525 0.71 0.05335
24413 0.68 0.016025 0.685 0.064
21828 0.755 0.0174 0.76 0.097425
42481 0.7 0.030675 0.695 0.130875
12236 0.72 0.014575 0.73 0.112
33312 0.645 0.018325 0.675 0.094575
14626 0.67 0.01815 0.685 0.0858
41269 0.725 0.029675 0.72 0.0841
8391 0.72 0.014525 0.735 0.07275
26276 0.73 0.0167 0.735 0.106075
11461 0.745 0.01785 0.755 0.044775
22819 0.735 0.019525 0.72 0.107325
10397 0.72 0.013475 0.72 0.08795
16793 0.72 0.023025 0.735 0.1002
8320 0.745 0.01065 0.755 0.02635
21182 0.735 0.0142 0.735 0.077175
19801 0.71 0.012975 0.73 0.022525
37665 0.705 0.019075 0.705 0.0736
28278 0.69 0.023425 0.7 0.05505
19026 0.75 0.015775 0.74 0.0358
32397 0.655 0.018325 0.65 0.057925
33989 0.695 0.0183 0.715 0.0902
21294 0.745 0.017575 0.75 0.12465
33365 0.74 0.01845 0.735 0.0652
