247754 0.73 0.206275 0.72 0.327975
35204 0.73 0.05105 0.74 0.1753
54841 0.775 0.077975 0.75 0.1955
182785 0.795 0.126575 0.81 0.401725
169806 0.8 0.105325 0.805 0.31955
49101 0.805 0.05795 0.81 0.161275
53632 0.775 0.07975 0.81 0.29355
160633 0.85 0.155 0.87 0.404475
67912 0.785 0.070525 0.795 0.314375
84119 0.78 0.105075 0.785 0.342475
131425 0.755 0.11305 0.795 0.354825
148483 0.8 0.128825 0.8 0.34135
98365 0.79 0.11805 0.81 0.329175
109047 0.705 0.121575 0.71 0.356
121032 0.79 0.099925 0.785 0.2788
169074 0.78 0.137825 0.79 0.315375
152298 0.72 0.12145 0.695 0.3203
174108 0.775 0.147875 0.775 0.37715
136631 0.76 0.114625 0.76 0.38205
157005 0.8 0.1367 0.81 0.3563
43556 0.755 0.048475 0.745 0.225325
139896 0.81 0.114425 0.83 0.200725
142044 0.75 0.11345 0.75 0.311425
265316 0.805 0.209225 0.805 0.411375
236344 0.8 0.18455 0.78 0.18565
161966 0.765 0.123475 0.75 0.341075
251786 0.81 0.15985 0.81 0.369075
123556 0.805 0.089675 0.785 0.19175
200060 0.77 0.18855 0.775 0.39435
134555 0.78 0.097325 0.775 0.2184
