151413 0.853216643636 0.15469999999999998 0.819745125134 0.035 3.56012003624
35690 0.843390142791 0.034525 0.831567633963 0.137525 2.61104550847
35531 0.84415783817 0.0275 0.828957469676 0.004175000000000001 2.87251834925
157660 0.84415783817 0.140525 0.835406110855 0.010625 3.09816975536
223902 0.834024259174 0.154525 0.830032243206 0.0292 3.40840740675
46302 0.824044219254 0.06237500000000001 0.818209734377 0.101325 3.28627912951
29396 0.840779978505 0.006274999999999999 0.841240595732 0.0016499999999999998 1.87232289396
72419 0.834331337325 0.06380000000000001 0.826654383541 0.0475 2.52580954198
191050 0.840319361277 0.146675 0.84200829111 0.009625 3.58309211652
88541 0.840012283126 0.086175 0.838937509596 0.0057750000000000015 3.47983344276
22169 0.834945493628 0.026425 0.835406110855 0.05782500000000001 5.38838745141
318210 0.836480884385 0.235675 0.836173806234 0.021324999999999997 3.47531496148
63725 0.848303393214 0.02165 0.846460924305 0.06465 3.44374946859
323069 0.844925533548 0.2491 0.843697220943 0.001175 3.33934042855
146648 0.838323353293 0.12195 0.829111008752 0.004975 3.57002994687
153837 0.846614463381 0.13355 0.837402118839 0.028825000000000003 3.46676014188
53006 0.846768002457 0.065275 0.8288039306 0.05857500000000001 3.14606115914
25123 0.847535697835 0.02175 0.839244587748 0.024575 2.00701002547
39365 0.836480884385 0.03445 0.830185782282 0.019525 1.99509776924
282986 0.843543681867 0.21125 0.834331337325 0.006100000000000001 7.28664938829
166042 0.840012283126 0.12855 0.836173806234 0.006625 3.51258041724
85663 0.838323353293 0.060700000000000004 0.820205742361 0.0063 2.7720252788
227382 0.839551665899 0.18257500000000002 0.831874712114 0.020425 3.55212183011
141909 0.840779978505 0.126025 0.826654383541 0.0004 3.70575274927
52007 0.83417779825 0.038775 0.83525257178 0.001225 2.68660378404
20140 0.817442038999 0.028600000000000004 0.815753109166 0.164325 8.83864393602
106487 0.84200829111 0.0925 0.831874712114 2.5e-05 3.09120628214
2054 0.841240595732 0.003775 0.838323353293 0.09754999999999998 0.401284444913
57610 0.835099032704 0.04655 0.827575617995 0.005475000000000001 1.9026757188
161157 0.83525257178 0.11414999999999999 0.828650391525 0.00065 3.80065649442 
