151413 0.853216643636 0.15469999999999998 0.84308306464 0.0108 3.36223523457
35690 0.843390142791 0.034525 0.840319361277 0.00135 3.03573765305
35531 0.84415783817 0.0275 0.840626439429 0.147325 8.74349533161
157660 0.84415783817 0.140525 0.838630431445 0.00285 2.63628377291
223902 0.834024259174 0.154525 0.827422078919 0.011699999999999999 2.99325639477
46302 0.824044219254 0.06237500000000001 0.823276523875 0.11720000000000003 2.5235983017
29396 0.840779978505 0.006274999999999999 0.841240595732 0.0029749999999999998 0.556381061075
72419 0.834331337325 0.06380000000000001 0.831107016736 0.0307 1.28084998247
191050 0.840319361277 0.146675 0.837709196991 0.0144 5.53088081073
88541 0.840012283126 0.086175 0.83985874405 0.01625 2.72807849047
22169 0.834945493628 0.026425 0.836327345309 0.09075 1.77211916221
318210 0.836480884385 0.235675 0.83202825119 5e-05 7.40850121269
63725 0.848303393214 0.02165 0.835559649931 0.027300000000000005 2.0612126644
323069 0.844925533548 0.2491 0.838323353293 0.006325000000000001 3.42636541445
146648 0.838323353293 0.12195 0.828650391525 0.022949999999999998 3.35906193485
153837 0.846614463381 0.13355 0.841087056656 0.03395 3.23100086344
53006 0.846768002457 0.065275 0.833563641947 0.098825 3.2460163006
25123 0.847535697835 0.02175 0.840472900353 0.035925000000000006 1.47046748857
39365 0.836480884385 0.03445 0.832335329341 0.0348 0.889551158296
282986 0.843543681867 0.21125 0.836173806234 0.000275 3.14227368653
166042 0.840012283126 0.12855 0.83417779825 0.020175000000000002 3.19263645465
85663 0.838323353293 0.060700000000000004 0.828036235222 0.0038 2.39305039594
227382 0.839551665899 0.18257500000000002 0.826193766314 0.076075 3.30745871558
141909 0.840779978505 0.126025 0.830032243206 0.022675 2.96306511934
52007 0.83417779825 0.038775 0.833717181023 0.058425000000000005 3.1894475363
20140 0.817442038999 0.028600000000000004 0.809458007063 0.029900000000000003 2.66246928667
106487 0.84200829111 0.0925 0.82987870413 0.038575 4.56103004507
2054 0.841240595732 0.003775 0.839398126823 0.04220000000000001 0.367020422865
57610 0.835099032704 0.04655 0.837555657915 0.03685000000000001 2.47529368166
161157 0.83525257178 0.11414999999999999 0.835713189007 0.0014750000000000002 3.71387774016 
