151413 0.853216643636 0.15469999999999998 0.847996315062 0.06935 2.07957565708
35690 0.843390142791 0.034525 0.839551665899 0.08217500000000001 1.11664238154
35531 0.84415783817 0.0275 0.829264547827 0.054200000000000005 0.732331980192
157660 0.84415783817 0.140525 0.837095040688 0.027825000000000003 2.51671018915
223902 0.834024259174 0.154525 0.828957469676 0.000325 1.98250284654
46302 0.824044219254 0.06237500000000001 0.817595578075 0.056425 1.81242967888
29396 0.840779978505 0.006274999999999999 0.84093351758 0.011075 0.452601725614
72419 0.834331337325 0.06380000000000001 0.833410102871 0.042325 2.22094150797
191050 0.840319361277 0.146675 0.835406110855 0.033775000000000006 2.43413170599
88541 0.840012283126 0.086175 0.836634423461 0.09125 5.76667903668
22169 0.834945493628 0.026425 0.830339321357 0.08535 1.54438279938
318210 0.836480884385 0.235675 0.831567633963 0.015525 2.69366194649
63725 0.848303393214 0.02165 0.846921541532 0.012150000000000001 1.70031756238
323069 0.844925533548 0.2491 0.841240595732 0.04305 1.31809264149
146648 0.838323353293 0.12195 0.820512820513 0.075 3.76528226645
153837 0.846614463381 0.13355 0.844618455397 0.05875000000000001 2.07043170046
53006 0.846768002457 0.065275 0.840165822202 0.119375 2.84858472913
25123 0.847535697835 0.02175 0.841394134807 0.1373 0.236211317884
39365 0.836480884385 0.03445 0.832181790266 0.020825 0.274168021924
282986 0.843543681867 0.21125 0.833717181023 0.020875000000000005 2.9316644154
166042 0.840012283126 0.12855 0.841854752034 0.013250000000000001 2.1836161388
85663 0.838323353293 0.060700000000000004 0.828036235222 0.0933 3.28641799818
227382 0.839551665899 0.18257500000000002 0.82772915707 0.031075 3.00424630557
141909 0.840779978505 0.126025 0.831874712114 0.035025 3.05907555644
52007 0.83417779825 0.038775 0.829725165055 0.13645 1.95755138287
20140 0.817442038999 0.028600000000000004 0.818056195302 0.07552500000000001 0.881883820539
106487 0.84200829111 0.0925 0.836787962536 0.05580000000000001 1.24537800847
2054 0.841240595732 0.003775 0.840012283126 0.01585 0.351321549493
57610 0.835099032704 0.04655 0.83310302472 0.05745 2.14532804829
161157 0.83525257178 0.11414999999999999 0.831874712114 0.052675 2.88836102747 
