69558 0.785 0.08900000000000002 0.765 0.033275 5.83060160553 
116177 0.73 0.080175 0.775 0.08375 6.1818158802 
77786 0.755 0.08025 0.735 0.04365 5.02517240427 
108902 0.815 0.085775 0.81 0.06805 6.43886205172 
137160 0.705 0.10517500000000002 0.7 0.07495000000000002 6.14672839353 
108530 0.715 0.08905000000000002 0.715 0.045625 6.72789123144 
89339 0.76 0.075975 0.74 0.04515 6.23736182244 
93195 0.825 0.08227499999999999 0.82 0.05100000000000002 6.18635677545 
88352 0.765 0.09022500000000001 0.74 0.033624999999999995 6.61503074603 
146983 0.805 0.11492500000000001 0.77 0.0818 6.68264295659 
118743 0.8 0.10495000000000002 0.775 0.05085 5.8996963381 
117665 0.745 0.09442500000000001 0.74 0.043025 5.91235581412 
91410 0.715 0.073175 0.74 0.0676 5.80231316195 
94027 0.775 0.09665000000000001 0.77 0.053750000000000006 6.16682520345 
101492 0.78 0.11207500000000001 0.79 0.06417500000000001 6.45532864822 
111153 0.78 0.09700000000000003 0.775 0.05734999999999999 6.01128786623 
62812 0.745 0.06657500000000001 0.765 0.052875000000000005 5.82324242123 
106049 0.805 0.08015 0.805 0.060175 5.88554552788 
75670 0.775 0.06 0.78 0.038525000000000004 5.27200096409 
91490 0.72 0.0719 0.755 0.048499999999999995 6.11903789524 
152155 0.735 0.11800000000000001 0.74 0.06995 6.54962414157 
76202 0.735 0.06437500000000002 0.71 0.037825000000000004 6.0799454555 
118604 0.75 0.082375 0.765 0.061625000000000006 5.96754274885 
82149 0.745 0.084725 0.76 0.055775000000000005 6.21565505887 
68585 0.735 0.08842500000000002 0.745 0.055425 5.91583271178 
81226 0.75 0.087875 0.76 0.04650000000000001 6.58524809529 
74486 0.755 0.07390000000000001 0.725 0.044275 6.05704430687 
87697 0.8 0.08620000000000001 0.8 0.0349 6.41188085293 
135626 0.79 0.1176 0.76 0.070425 6.04599320991 
92605 0.835 0.08815 0.835 0.0484 6.02941151609 
