36942 0.821434054967 0.019225 0.821741133118 0.051775
52809 0.821126976816 0.020275 0.820666359589 0.03085
71238 0.813450023031 0.026325 0.813603562107 0.0587
53183 0.818516812529 0.02185 0.817595578075 0.043525
47988 0.826347305389 0.0194 0.826807922616 0.0509
36572 0.823583602027 0.020775 0.824197758329 0.04355
37300 0.819130968832 0.01915 0.818977429756 0.0241
36565 0.827575617995 0.021775 0.827268539843 0.04085
32780 0.81774911715 0.020775 0.817595578075 0.053325
36288 0.818670351604 0.0199 0.816060187318 0.02985
37032 0.812375249501 0.021375 0.813142944879 0.04855
40928 0.821126976816 0.017125 0.82097343774 0.0819
33060 0.819745125134 0.019325 0.81989866421 0.036
40225 0.81774911715 0.01685 0.817134960848 0.0592
49410 0.809150928911 0.02335 0.810072163366 0.073975
40505 0.816520804545 0.020925 0.816213726393 0.0665
48130 0.816981421772 0.020975 0.815138952864 0.037175
37329 0.823430062951 0.018925 0.823276523875 0.03665
53964 0.822815906648 0.02205 0.822508828497 0.068225
51213 0.82204821127 0.021575 0.822201750345 0.0493
50927 0.817442038999 0.021625 0.817288499923 0.04925
30815 0.81774911715 0.0151 0.817442038999 0.042275
43644 0.804851834792 0.01975 0.805005373868 0.080525
41242 0.81667434362 0.020675 0.81667434362 0.05
47218 0.822815906648 0.01965 0.822815906648 0.042975
38013 0.812682327652 0.015125 0.812989405804 0.028375
48895 0.822201750345 0.0221 0.822662367573 0.075975
42948 0.823583602027 0.02305 0.824044219254 0.024075
31217 0.811300475971 0.019025 0.810839858744 0.03915
38212 0.817902656226 0.0216 0.817288499923 0.055825
