374690 0.832335329341 0.32505 0.840472900353 0.24105
96163 0.840012283126 0.0495 0.842315369261 0.2305
184339 0.841547673883 0.093975 0.834945493628 0.347425
544522 0.84200829111 0.41205 0.83525257178 0.293925
329372 0.843850760018 0.213425 0.839551665899 0.27125
223430 0.841547673883 0.2081 0.8452326117 0.309475
334903 0.836787962536 0.242225 0.837248579764 0.29155
179734 0.837709196991 0.152325 0.838937509596 0.214275
299607 0.841240595732 0.21325 0.841087056656 0.2341
330191 0.849378166743 0.25915 0.848764010441 0.221325
318699 0.83417779825 0.283225 0.842468908337 0.221425
233065 0.839091048672 0.169325 0.837095040688 0.202675
263309 0.830032243206 0.155975 0.830799938584 0.20045
552173 0.847842775986 0.37045 0.839244587748 0.22165
368206 0.836941501612 0.357625 0.837862736066 0.284825
316753 0.837862736066 0.335625 0.835866728082 0.225125
162282 0.830646399509 0.1184 0.836327345309 0.25195
205285 0.831874712114 0.174625 0.838476892369 0.36935
284347 0.838476892369 0.2206 0.840012283126 0.283225
286489 0.843543681867 0.251175 0.843236603716 0.303725
342832 0.842468908337 0.22055 0.837862736066 0.32425
839556 0.831567633963 0.6232 0.836787962536 0.272675
415340 0.831567633963 0.281425 0.831414094887 0.3438
217276 0.827575617995 0.174125 0.829264547827 0.232975
295465 0.841854752034 0.25005 0.844771994473 0.267725
433420 0.842775986489 0.30455 0.836020267158 0.2411
270395 0.832795946568 0.24885 0.836787962536 0.259375
452739 0.826807922616 0.35295 0.83878397052 0.302625
430763 0.84093351758 0.291075 0.838323353293 0.220225
94978 0.83417779825 0.048775 0.837862736066 0.258425
