159421 0.765 0.1559 0.75 0.270025
147843 0.76 0.135225 0.745 0.26265
194050 0.745 0.1884 0.735 0.253775
125613 0.745 0.14505 0.725 0.1885
153083 0.755 0.1535 0.76 0.24405
136008 0.78 0.14655 0.77 0.16645
141038 0.705 0.153825 0.71 0.128175
88079 0.775 0.105925 0.745 0.150475
209755 0.705 0.1581 0.695 0.14
183478 0.79 0.204975 0.765 0.194375
325287 0.715 0.25035 0.7 0.157775
355712 0.75 0.2888 0.755 0.280175
354413 0.735 0.260725 0.735 0.168275
129195 0.735 0.130325 0.745 0.18805
247743 0.715 0.26805 0.68 0.2935
122543 0.745 0.143625 0.735 0.163125
247901 0.75 0.226525 0.71 0.323525
114936 0.715 0.11125 0.685 0.179775
81755 0.81 0.112875 0.76 0.18055
143402 0.79 0.147925 0.755 0.15735
382003 0.755 0.30415 0.735 0.22855
142731 0.71 0.159175 0.69 0.2058
119743 0.765 0.15135 0.79 0.143325
159310 0.73 0.174675 0.74 0.257125
91116 0.725 0.09685 0.695 0.167225
269173 0.77 0.227125 0.75 0.2621
198262 0.77 0.18905 0.775 0.2332
151514 0.805 0.156775 0.765 0.15065
100963 0.725 0.138025 0.71 0.25825
228535 0.71 0.2049 0.71 0.2888
