11038 0.67 0.012675 0.665 0.018175
29479 0.715 0.013075 0.71 0.01795
43378 0.675 0.023775 0.675 0.033275
32485 0.74 0.021075 0.74 0.043525
48024 0.755 0.022575 0.785 0.02185
56937 0.685 0.03775 0.69 0.078425
59755 0.705 0.022525 0.695 0.0202
24413 0.68 0.016025 0.695 0.017575
21828 0.755 0.0174 0.76 0.02855
42481 0.7 0.030675 0.695 0.012775
12236 0.72 0.014575 0.715 0.0285
33312 0.645 0.018325 0.675 0.014325
14626 0.67 0.01815 0.66 0.03775
41269 0.725 0.029675 0.7 0.026825
8391 0.72 0.014525 0.715 0.0218
26276 0.73 0.0167 0.735 0.023525
11461 0.745 0.01785 0.755 0.033425
22819 0.735 0.019525 0.72 0.0492
10397 0.72 0.013475 0.725 0.01145
16793 0.72 0.023025 0.72 0.052725
8320 0.745 0.01065 0.75 0.01125
21182 0.735 0.0142 0.73 0.03
19801 0.71 0.012975 0.715 0.01745
37665 0.705 0.019075 0.705 0.032225
28278 0.69 0.023425 0.685 0.0118
19026 0.75 0.015775 0.74 0.034875
32397 0.655 0.018325 0.66 0.026625
33989 0.695 0.0183 0.685 0.0194
21294 0.745 0.017575 0.765 0.025175
33365 0.74 0.01845 0.75 0.034725
