156883 0.843390142791 0.12332500000000002 0.83310302472 7.5e-05 3.6505187997
139792 0.846460924305 0.11850000000000001 0.833870720098 0.011225 2.86408378393 
4365 0.828496852449 0.002825 0.823737141102 0.002625 0.296333908256 
167365 0.839244587748 0.10845000000000002 0.8288039306 2.5e-05 3.4440872284 
29515 0.831874712114 0.025625 0.820819898664 0.0032 2.03637699789 
82882 0.837402118839 0.06325000000000001 0.839551665899 0.000275 2.23712377729 
130261 0.830339321357 0.09080000000000002 0.822815906648 0.0008500000000000001 3.5532860274 
36948 0.842468908337 0.022700000000000005 0.832335329341 0.0137 2.67745137607 
6196 0.829264547827 0.006424999999999999 0.834484876401 0.003875 0.396339504101 
46121 0.851681252879 0.030449999999999998 0.847689236911 0.004925 2.30815313558 
163337 0.844771994473 0.12085000000000001 0.847535697835 0.0046 3.24332516046 
108253 0.83095347766 0.148125 0.824811914632 0.027475000000000006 2.63349394789 
3690 0.831107016736 0.006725 0.828650391525 0.000125 1.22529459551 
7784 0.848149854138 0.0025749999999999996 0.842315369261 0.013325 1.12141933974 
10711 0.827268539843 0.007625000000000001 0.831721173039 0.0008000000000000001 0.590699106899 
2390 0.835406110855 0.0012 0.834638415477 0.0118 0.502319530931 
329640 0.832335329341 0.216625 0.828496852449 0.019725000000000003 3.62331361817 
63471 0.844311377246 0.036775 0.825733149086 0.0001 2.56040809294 
9676 0.831721173039 0.006375 0.831107016736 0.005974999999999999 1.96031749311 
9155 0.842775986489 0.0045000000000000005 0.828343313373 0.000775 1.59678025721 
71351 0.824658375557 0.058825 0.830185782282 0.003675 2.10022189552 
11184 0.843850760018 0.0060999999999999995 0.821126976816 0.00065 3.39380022839 
113108 0.836020267158 0.080675 0.822508828497 0.01375 2.85914232639 
3241 0.842622447413 0.0017 0.832642407493 0.006975 6.85546236674 
5899 0.836941501612 0.0050750000000000005 0.836941501612 0.0 0.408587468943 
39005 0.835406110855 0.049850000000000005 0.818209734377 0.000425 6.96746462212 
97803 0.839244587748 0.07955 0.838630431445 0.004875000000000001 3.63574041533 
62211 0.832335329341 0.053275 0.835099032704 0.015425 2.21663036294 
13510 0.840012283126 0.01145 0.817134960848 0.04365 2.17706573002 
26308 0.847689236911 0.011824999999999999 0.841394134807 0.03055 2.59092159233 
