156883 0.843390142791 0.12332500000000002 0.829264547827 0.0 8.56510556957
139792 0.846460924305 0.11850000000000001 0.828650391525 0.023450000000000002 9.13825944145 
4365 0.828496852449 0.002825 0.816981421772 0.004325000000000001 9.73302381622 
167365 0.839244587748 0.10845000000000002 0.828496852449 0.0031499999999999996 7.35839317264 
29515 0.831874712114 0.025625 0.833717181023 0.0 6.90504133618 
82882 0.837402118839 0.06325000000000001 0.838323353293 0.0104 6.79751112857 
130261 0.830339321357 0.09080000000000002 0.822969445724 0.00015 7.69393004794 
36948 0.842468908337 0.022700000000000005 0.843697220943 0.005350000000000001 6.86466478575 
6196 0.829264547827 0.006424999999999999 0.827115000768 0.0098 5.01290925724 
46121 0.851681252879 0.030449999999999998 0.853523721787 0.0022500000000000003 7.31083569745 
163337 0.844771994473 0.12085000000000001 0.837402118839 0.00015 7.864868307 
108253 0.83095347766 0.148125 0.830032243206 0.002125 6.30812439172 
3690 0.831107016736 0.006725 0.833563641947 0.0 2.14049640078 
7784 0.848149854138 0.0025749999999999996 0.827575617995 0.02125 2.7250750761 
10711 0.827268539843 0.007625000000000001 0.830492860433 0.0 9.80779679978 
2390 0.835406110855 0.0012 0.832795946568 0.008700000000000001 4.50074337695 
329640 0.832335329341 0.216625 0.829264547827 0.015175000000000001 7.56663774706 
63471 0.844311377246 0.036775 0.832181790266 0.014499999999999999 11.2406404319 
9676 0.831721173039 0.006375 0.831874712114 0.0023750000000000004 8.60813329734 
9155 0.842775986489 0.0045000000000000005 0.829264547827 0.0055249999999999995 8.02641968967 
71351 0.824658375557 0.058825 0.823737141102 0.0002 7.17251331071 
11184 0.843850760018 0.0060999999999999995 0.826193766314 0.001875 9.47660576352 
113108 0.836020267158 0.080675 0.814064179334 0.0017499999999999998 7.05908652598 
3241 0.842622447413 0.0017 0.825886688162 0.0 8.52145195373 
5899 0.836941501612 0.0050750000000000005 0.829111008752 0.0027 8.65994110396 
39005 0.835406110855 0.049850000000000005 0.825886688162 0.00055 7.08999678472 
97803 0.839244587748 0.07955 0.842468908337 0.06815 6.5421496166 
62211 0.832335329341 0.053275 0.826193766314 0.0194 8.27426250008 
13510 0.840012283126 0.01145 0.833256563795 0.020775000000000002 8.44239208655 
26308 0.847689236911 0.011824999999999999 0.834484876401 0.00042500000000000003 7.29409129879 
