156883 0.843390142791 0.12332500000000002 0.837402118839 0.0 3.67113187836
139792 0.846460924305 0.11850000000000001 0.827882696146 0.0 3.18823493697 
4365 0.828496852449 0.002825 0.81667434362 0.0001 6.48575781411 
167365 0.839244587748 0.10845000000000002 0.828650391525 0.00205 5.55792152509 
29515 0.831874712114 0.025625 0.823737141102 0.00565 2.41757513956 
82882 0.837402118839 0.06325000000000001 0.835866728082 0.0004 3.19140210787 
130261 0.830339321357 0.09080000000000002 0.825118992784 0.00042500000000000003 4.92312317258 
36948 0.842468908337 0.022700000000000005 0.829418086903 0.1007 2.86327835633 
6196 0.829264547827 0.006424999999999999 0.832642407493 0.069625 1.07619724571 
46121 0.851681252879 0.030449999999999998 0.845846768002 7.5e-05 2.90987841801 
163337 0.844771994473 0.12085000000000001 0.836787962536 0.008975 3.3998286186 
108253 0.83095347766 0.148125 0.828036235222 0.006174999999999999 3.16596468921 
3690 0.831107016736 0.006725 0.829725165055 0.00035000000000000005 1.61228349257 
7784 0.848149854138 0.0025749999999999996 0.828957469676 0.020725000000000004 2.1347541965 
10711 0.827268539843 0.007625000000000001 0.827575617995 0.00055 2.61678854174 
2390 0.835406110855 0.0012 0.833870720098 0.0038250000000000003 0.333277008877 
329640 0.832335329341 0.216625 0.8231229848 0.00415 3.6303293713 
63471 0.844311377246 0.036775 0.824044219254 0.013675000000000001 9.20006225253 
9676 0.831721173039 0.006375 0.839091048672 0.026574999999999998 1.45705771345 
9155 0.842775986489 0.0045000000000000005 0.828343313373 0.014625 1.80413603403 
71351 0.824658375557 0.058825 0.830799938584 0.012124999999999999 3.16993370981 
11184 0.843850760018 0.0060999999999999995 0.828650391525 0.000575 3.80488120855 
113108 0.836020267158 0.080675 0.817442038999 0.000125 3.08752033581 
3241 0.842622447413 0.0017 0.828650391525 0.010899999999999998 8.40112403125 
5899 0.836941501612 0.0050750000000000005 0.832642407493 0.018475000000000002 3.21314196927 
39005 0.835406110855 0.049850000000000005 0.81667434362 0.01535 2.30510948146 
97803 0.839244587748 0.07955 0.833410102871 0.0188 3.52248474246 
62211 0.832335329341 0.053275 0.829111008752 0.011125000000000001 2.53956744048 
13510 0.840012283126 0.01145 0.820205742361 0.021775000000000003 6.5621168726 
26308 0.847689236911 0.011824999999999999 0.82987870413 0.005875 4.42981967124 
