526355 0.903682406281 0.0551 0.899369678204 0.111175
354633 0.901581333628 0.0476 0.89804268495 0.0794
398763 0.89527811567 0.03645 0.894946367356 0.07565
392261 0.892513546389 0.046775 0.895388698441 0.051225
466584 0.88609974566 0.05265 0.893619374102 0.073075
459004 0.895720446754 0.050175 0.89627336061 0.1664
410734 0.90080725423 0.04535 0.900364923145 0.0913
434086 0.903903571824 0.04995 0.89804268495 0.100625
417825 0.88886431494 0.0455 0.893619374102 0.12265
403227 0.8943934535 0.0501 0.89074422205 0.02185
610074 0.900254340374 0.064525 0.899037929891 0.072
303364 0.894725201814 0.037125 0.891850049762 0.1119
528060 0.902244830255 0.058 0.893066460245 0.03925
432020 0.898153267721 0.041925 0.899037929891 0.051275
378704 0.899701426518 0.03855 0.900033174831 0.05915
440489 0.898374433263 0.05315 0.894725201814 0.0722
456861 0.89992259206 0.050125 0.902023664713 0.06445
454497 0.890854804821 0.051325 0.897600353865 0.049175
721515 0.899480260975 0.069375 0.893840539644 0.033625
324777 0.896936857238 0.044775 0.895056950127 0.1076
429433 0.893729956873 0.046625 0.894946367356 0.062475
556324 0.895499281212 0.056975 0.896715691695 0.07195
468906 0.902023664713 0.0505 0.899590843747 0.07105
404335 0.898706181577 0.046425 0.897489771094 0.08895
412300 0.89627336061 0.048925 0.895388698441 0.06425
567251 0.900254340374 0.05635 0.891075970364 0.085425
290182 0.896605108924 0.036425 0.895056950127 0.1879
360868 0.900364923145 0.0425 0.897268605551 0.062375
436876 0.902576578569 0.05065 0.899701426518 0.04345
436613 0.896052195068 0.052775 0.895499281212 0.058375
