166989 0.897379188322 0.114175 0.896383943382 0.516775
89908 0.905009399536 0.091325 0.904345902908 0.140525
185776 0.893619374102 0.1282 0.892292380847 0.315525
101092 0.893066460245 0.068925 0.894172287958 0.22655
166202 0.893840539644 0.128175 0.891297135906 0.427125
85547 0.899590843747 0.06735 0.901360168086 0.191575
145455 0.894172287958 0.1006 0.894061705186 0.16905
214290 0.895167532898 0.1361 0.893287625788 0.2635
153665 0.897932102178 0.1053 0.897821519407 0.07395
348596 0.892845294703 0.2247 0.890191308194 0.44325
137542 0.898927347119 0.110225 0.894835784585 0.2806
118700 0.890965387593 0.0819 0.890191308194 0.239025
115079 0.893177043017 0.096325 0.892402963618 0.09535
226271 0.898263850492 0.163775 0.89627336061 0.1175
123862 0.895941612297 0.09475 0.894835784585 0.010075
104120 0.899148512662 0.0929 0.89804268495 0.243325
53063 0.890965387593 0.047 0.891407718677 0.23785
103247 0.899480260975 0.092525 0.898595598806 0.086725
112300 0.897379188322 0.07175 0.893951122415 0.144875
100544 0.895499281212 0.084275 0.894282870729 0.253475
71818 0.893729956873 0.0651 0.888200818313 0.12015
95141 0.898485016035 0.080375 0.894946367356 0.3036
122616 0.894614619042 0.106275 0.893729956873 0.422775
167020 0.894282870729 0.117475 0.892624129161 0.386725
69032 0.894946367356 0.0543 0.895056950127 0.295975
75337 0.900696671459 0.06495 0.900033174831 0.19565
78315 0.894504036271 0.076275 0.89350879133 0.060275
86755 0.894172287958 0.0637 0.893398208559 0.172975
172027 0.89627336061 0.127675 0.896715691695 0.025375
76618 0.896383943382 0.06825 0.891960632533 0.2952
