41415 0.831260555811 0.00575 0.830646399509 0.151125
43931 0.824965453708 0.00655 0.824197758329 0.094875
40954 0.822355289421 0.00655 0.821587594043 0.0389
48406 0.811300475971 0.006425 0.811914632274 0.036625
31384 0.820666359589 0.0055 0.820819898664 0.08295
44399 0.814217718409 0.00635 0.813757101182 0.0549
49594 0.814831874712 0.007125 0.815292491939 0.0804
34201 0.807615538154 0.00505 0.808997389836 0.064975
30321 0.81099339782 0.006075 0.810072163366 0.03755
53490 0.83095347766 0.006625 0.831721173039 0.09025
56947 0.824811914632 0.006225 0.824197758329 0.09885
52714 0.824811914632 0.005225 0.824811914632 0.03795
32003 0.820359281437 0.006375 0.820205742361 0.08995
30103 0.818977429756 0.004725 0.819438046983 0.04175
41167 0.811300475971 0.006775 0.812375249501 0.193825
38978 0.815599570091 0.005825 0.814831874712 0.021025
40787 0.812835866728 0.00675 0.811146936895 0.1378
58613 0.813603562107 0.00695 0.812528788577 0.047925
49221 0.82204821127 0.005625 0.820819898664 0.047475
40564 0.815138952864 0.005225 0.815446031015 0.0464
37796 0.819130968832 0.005575 0.81882389068 0.063325
70940 0.822508828497 0.007725 0.822662367573 0.07055
38168 0.813757101182 0.0057 0.813910640258 0.04115
40898 0.823890680178 0.00625 0.823737141102 0.0276
38159 0.810686319668 0.005675 0.810532780593 0.059175
38757 0.823430062951 0.00515 0.8231229848 0.064925
71405 0.816981421772 0.007625 0.817288499923 0.0804
53242 0.815292491939 0.0071 0.815292491939 0.025525
34235 0.81882389068 0.004675 0.81882389068 0.0417
56782 0.82204821127 0.0068 0.822508828497 0.0469
