374690 0.832335329341 0.32505 0.845079072624 0.83595
96163 0.840012283126 0.0495 0.828650391525 0.488775
184339 0.841547673883 0.093975 0.838476892369 0.1971
544522 0.84200829111 0.41205 0.84415783817 0.8293
329372 0.843850760018 0.213425 0.846000307078 0.6829
223430 0.841547673883 0.2081 0.838016275142 0.727375
334903 0.836787962536 0.242225 0.840626439429 0.620775
179734 0.837709196991 0.152325 0.840472900353 0.62275
299607 0.841240595732 0.21325 0.840472900353 0.861575
330191 0.849378166743 0.25915 0.847535697835 0.923725
318699 0.83417779825 0.283225 0.837248579764 0.1681
233065 0.839091048672 0.169325 0.836634423461 0.222825
263309 0.830032243206 0.155975 0.830492860433 0.652975
552173 0.847842775986 0.37045 0.838937509596 0.869375
368206 0.836941501612 0.357625 0.837862736066 0.895775
316753 0.837862736066 0.335625 0.83310302472 0.91125
162282 0.830646399509 0.1184 0.831107016736 0.4353
205285 0.831874712114 0.174625 0.838476892369 0.601775
284347 0.838476892369 0.2206 0.839244587748 0.245425
286489 0.843543681867 0.251175 0.841240595732 0.46825
342832 0.842468908337 0.22055 0.835559649931 0.640375
839556 0.831567633963 0.6232 0.835406110855 0.8794
415340 0.831567633963 0.281425 0.83095347766 0.447425
217276 0.827575617995 0.174125 0.831107016736 0.777125
295465 0.841854752034 0.25005 0.843697220943 0.407975
433420 0.842775986489 0.30455 0.830339321357 0.950975
270395 0.832795946568 0.24885 0.829264547827 0.53735
452739 0.826807922616 0.35295 0.824351297405 0.2937
430763 0.84093351758 0.291075 0.843697220943 0.65525
94978 0.83417779825 0.048775 0.841394134807 0.189025
