3822 0.695 0.001225 0.71 0.004
1698 0.765 0.001275 0.75 0.001
2616 0.75 0.001225 0.75 0.001075
5474 0.7 0.0012 0.7 0.001325
2089 0.725 0.001225 0.725 0.00195
3543 0.695 0.0012 0.72 0.00345
8733 0.715 0.001925 0.71 0.006975
2362 0.72 0.001375 0.705 0.00155
2270 0.74 0.0014 0.735 0.005075
1071 0.7 0.000975 0.705 0.003275
6206 0.745 0.00215 0.755 0.00255
3944 0.71 0.0016 0.69 0.002575
8583 0.745 0.00145 0.75 0.003
4836 0.765 0.001975 0.765 0.00645
1413 0.725 0.000825 0.72 0.00265
3535 0.685 0.000925 0.695 0.0047
3972 0.645 0.001175 0.655 0.003725
5420 0.72 0.001475 0.7 0.0021
5806 0.725 0.002075 0.75 0.00405
2915 0.695 0.001125 0.68 0.00165
2622 0.755 0.00135 0.78 0.00275
4268 0.725 0.0017 0.725 0.001925
7577 0.705 0.001975 0.7 0.004075
4717 0.715 0.00215 0.725 0.003775
2057 0.68 0.000675 0.685 0.002975
4919 0.73 0.00185 0.73 0.0033
6786 0.695 0.001875 0.695 0.004775
2477 0.78 0.000825 0.76 0.0026
4429 0.68 0.00225 0.675 0.002225
1942 0.675 0.001275 0.675 0.004825
