105338 0.735 0.1093 0.74 0.138575
157502 0.695 0.1 0.705 0.134675
47747 0.81 0.063875 0.81 0.07385
95724 0.74 0.088125 0.745 0.10615
100581 0.805 0.084975 0.815 0.119025
169225 0.805 0.099425 0.81 0.13045
192940 0.755 0.12225 0.775 0.152125
101959 0.825 0.109675 0.81 0.10375
76352 0.735 0.067075 0.705 0.086925
79031 0.74 0.088525 0.72 0.14025
47452 0.76 0.0595 0.77 0.050075
107567 0.75 0.088075 0.76 0.1497
144177 0.735 0.10895 0.735 0.1359
125560 0.74 0.097 0.735 0.118075
137531 0.77 0.109425 0.78 0.130375
125847 0.755 0.1065 0.755 0.095725
113588 0.775 0.1075 0.76 0.108325
153187 0.76 0.1022 0.77 0.09685
138440 0.76 0.117 0.73 0.10365
128175 0.775 0.11165 0.765 0.139125
100088 0.8 0.0847 0.805 0.085975
108524 0.785 0.0735 0.775 0.094625
77254 0.795 0.085625 0.78 0.1026
133790 0.755 0.115725 0.76 0.158725
76777 0.77 0.082075 0.77 0.108625
81561 0.78 0.08415 0.78 0.075225
151646 0.76 0.12755 0.765 0.1845
157387 0.775 0.120875 0.775 0.118075
89929 0.78 0.071325 0.785 0.139875
103880 0.745 0.08285 0.75 0.0852
