112499 0.890412473737 0.0063999999999999994 0.89074422205 0.00345 5.04862531107
131597 0.887869069999 0.006500000000000001 0.887316156143 0.0034750000000000002 5.13691771624
111159 0.889970142652 0.006599999999999999 0.890080725423 0.004025 5.06274479963 
122965 0.895056950127 0.006525 0.894172287958 0.003275 5.29947855471 
117782 0.891186553135 0.0062250000000000005 0.891075970364 0.0032500000000000007 5.30981668849 
130286 0.883003428066 0.00545 0.883003428066 0.003275 5.20558564457 
102548 0.889748977109 0.00625 0.889970142652 0.0025 5.60824021045 
122181 0.889748977109 0.006625 0.890191308194 0.002775 5.31365584288 
212237 0.888090235541 0.010474999999999998 0.88886431494 0.003175 5.24547987911 
97562 0.888532566626 0.005175000000000001 0.887316156143 0.0027500000000000003 5.03570695327 
115872 0.885325666261 0.006099999999999999 0.883888090236 0.0034750000000000002 4.45426689848 
138206 0.889085480482 0.006725 0.888753732169 0.0035250000000000004 5.28172248042 
133877 0.890301890965 0.0072250000000000005 0.890191308194 0.004725 4.99393873674 
93389 0.887758487228 0.006599999999999999 0.887869069999 0.0037 5.01567505612 
155749 0.889970142652 0.007375 0.888974897711 0.003275 5.40460820513 
143251 0.889859559881 0.007875 0.889196063253 0.002725 5.36400658369 
109913 0.892955877474 0.0067 0.893840539644 0.0035250000000000004 5.38380276115 
111408 0.888532566626 0.006924999999999999 0.887647904456 0.0027 5.4475537612 
130970 0.888200818313 0.006975 0.888311401084 0.00365 5.21170711851 
112273 0.887316156143 0.007675 0.887758487228 0.003975 5.21590170007 
110487 0.891297135906 0.0067 0.891075970364 0.004975 4.79273373884 
154362 0.887758487228 0.007324999999999999 0.887426738914 0.002375 5.30408276391 
147833 0.886984407829 0.00835 0.886652659516 0.00425 5.32897270569 
113180 0.8870949906 0.005549999999999999 0.888200818313 0.003075 5.05054581802 
100076 0.890523056508 0.005 0.891739466991 0.004775000000000001 5.09628779445 
100253 0.889748977109 0.005875000000000002 0.888974897711 0.004600000000000001 5.36558705362 
85261 0.89074422205 0.0049250000000000006 0.890854804821 0.0031750000000000007 4.90044534225 
128762 0.891186553135 0.007175 0.890965387593 0.005024999999999999 5.4410784207 
171963 0.884109255778 0.008 0.884219838549 0.003725 5.1261702 
118138 0.889970142652 0.006625 0.88886431494 0.004525 5.10243058546 
