72282 0.889306646025 0.00485 0.889417228796 0.002225
108765 0.886652659516 0.005275 0.88521508349 0.0022
162014 0.889748977109 0.0082 0.88797965277 0.002075
208826 0.891186553135 0.0092 0.889859559881 0.002575
129322 0.894172287958 0.00675 0.893619374102 0.0025
183400 0.890523056508 0.0085 0.890080725423 0.001925
131246 0.883114010837 0.0072 0.882561096981 0.001825
188783 0.890191308194 0.0076 0.888974897711 0.001925
132734 0.890633639279 0.007825 0.891297135906 0.00285
130330 0.892181798076 0.00605 0.890191308194 0.00205
143210 0.8870949906 0.0075 0.88609974566 0.002175
80398 0.887758487228 0.005175 0.887537321685 0.002075
125272 0.893398208559 0.00515 0.892292380847 0.0014
119853 0.892402963618 0.006525 0.891960632533 0.001375
128012 0.890854804821 0.00615 0.890523056508 0.002225
117094 0.886873825058 0.00665 0.886763242287 0.0024
112635 0.889196063253 0.00585 0.889527811567 0.0024
195813 0.890080725423 0.009925 0.889417228796 0.001925
136863 0.889527811567 0.005125 0.889196063253 0.0023
103171 0.88886431494 0.0067 0.887869069999 0.0026
141862 0.888753732169 0.007875 0.887205573372 0.002075
130122 0.886984407829 0.006425 0.887758487228 0.002525
107825 0.888200818313 0.00745 0.888311401084 0.002375
180488 0.88797965277 0.008225 0.886652659516 0.002475
132854 0.890191308194 0.00635 0.890633639279 0.001475
124344 0.891407718677 0.00615 0.889748977109 0.002375
117665 0.886873825058 0.006875 0.886984407829 0.002375
179848 0.890191308194 0.007325 0.890633639279 0.0025
134896 0.886763242287 0.007875 0.884772752405 0.002175
101050 0.886652659516 0.00685 0.886873825058 0.00155
