526355 0.903682406281 0.0551 0.902465995798 0.006875
354633 0.901581333628 0.0476 0.894725201814 0.008575
398763 0.89527811567 0.03645 0.893951122415 0.00225
392261 0.892513546389 0.046775 0.895388698441 0.004425
466584 0.88609974566 0.05265 0.889970142652 0.006175
459004 0.895720446754 0.050175 0.894946367356 0.00725
410734 0.90080725423 0.04535 0.895720446754 0.0066
434086 0.903903571824 0.04995 0.894835784585 0.0056
417825 0.88886431494 0.0455 0.891297135906 0.001475
403227 0.8943934535 0.0501 0.889748977109 0.004425
610074 0.900254340374 0.064525 0.901249585315 0.006725
303364 0.894725201814 0.037125 0.887758487228 0.006575
528060 0.902244830255 0.058 0.899037929891 0.00665
432020 0.898153267721 0.041925 0.895720446754 0.002925
378704 0.899701426518 0.03855 0.898927347119 0.0033
440489 0.898374433263 0.05315 0.892624129161 0.0023
456861 0.89992259206 0.050125 0.89527811567 0.00645
454497 0.890854804821 0.051325 0.896936857238 0.005825
721515 0.899480260975 0.069375 0.901139002543 0.0062
324777 0.896936857238 0.044775 0.899812009289 0.011375
429433 0.893729956873 0.046625 0.895499281212 0.010875
556324 0.895499281212 0.056975 0.891850049762 0.002025
468906 0.902023664713 0.0505 0.901470750857 0.0059
404335 0.898706181577 0.046425 0.896826274466 0.00425
412300 0.89627336061 0.048925 0.890301890965 0.002575
567251 0.900254340374 0.05635 0.899148512662 0.002425
290182 0.896605108924 0.036425 0.891960632533 0.0061
360868 0.900364923145 0.0425 0.897047440009 0.0063
436876 0.902576578569 0.05065 0.896162777839 0.004525
436613 0.896052195068 0.052775 0.895720446754 0.007475
