286808 0.829111008752 0.167075 0.821434054967 0.026175
287717 0.837095040688 0.058225 0.839551665899 0.150175
332098 0.832949485644 0.192475 0.833717181023 0.0189
156533 0.83202825119 0.081675 0.832181790266 0.08585
261650 0.825426070935 0.0721 0.829725165055 0.0986
138713 0.825886688162 0.03895 0.834331337325 0.148075
136252 0.830646399509 0.03525 0.826500844465 0.0664
103171 0.828957469676 0.02065 0.83525257178 0.14645
132330 0.839398126823 0.119775 0.838169814218 0.026375
201806 0.836020267158 0.042575 0.834791954552 0.0769
308718 0.835866728082 0.1705 0.830339321357 0.070425
239920 0.833410102871 0.0993 0.825886688162 0.0739
234794 0.837862736066 0.0377 0.840319361277 0.1255
130954 0.834791954552 0.02285 0.835406110855 0.04055
174638 0.84200829111 0.044 0.840012283126 0.028675
242734 0.817288499923 0.123475 0.822355289421 0.1041
306651 0.838016275142 0.162275 0.823583602027 0.05615
189423 0.826193766314 0.103 0.831414094887 0.07875
400363 0.838937509596 0.2227 0.831567633963 0.07335
324613 0.827422078919 0.09855 0.831107016736 0.1161
156861 0.835406110855 0.034 0.838476892369 0.067475
165455 0.83525257178 0.070225 0.830032243206 0.050575
330030 0.835099032704 0.092575 0.835866728082 0.091
240864 0.83525257178 0.042 0.835713189007 0.073825
130390 0.838630431445 0.044 0.827268539843 0.03495
265302 0.832181790266 0.114325 0.832642407493 0.082125
194020 0.82987870413 0.104775 0.832642407493 0.03595
374589 0.825426070935 0.29545 0.831567633963 0.032425
215521 0.829111008752 0.076175 0.83417779825 0.030575
234682 0.820359281437 0.066675 0.823430062951 0.081325
