100837 0.845386150775 0.004475 0.83985874405 0.0211
98637 0.844311377246 0.01005 0.844771994473 0.01005
132117 0.82987870413 0.0112 0.832949485644 0.01635
78223 0.834791954552 0.003875 0.824658375557 0.016425
69910 0.815753109166 0.003625 0.821280515891 0.005325
129139 0.835406110855 0.006275 0.827268539843 0.022625
103519 0.843390142791 0.01 0.84093351758 0.007
104493 0.832181790266 0.006825 0.83417779825 0.0125
155383 0.834791954552 0.01355 0.83525257178 0.0161
89423 0.837555657915 0.00395 0.836020267158 0.02165
107119 0.833410102871 0.005475 0.83310302472 0.019425
92452 0.825733149086 0.004725 0.820512820513 0.015825
98041 0.826500844465 0.0048 0.826500844465 0.027425
96965 0.833717181023 0.00705 0.837248579764 0.0174
118037 0.824811914632 0.01225 0.822662367573 0.010125
113468 0.836480884385 0.009825 0.836941501612 0.017075
139160 0.831260555811 0.00785 0.833410102871 0.0044
127457 0.832949485644 0.012975 0.841854752034 0.0087
112913 0.841394134807 0.013975 0.836480884385 0.00855
92679 0.837402118839 0.017775 0.832181790266 0.0049
169755 0.831721173039 0.012575 0.827575617995 0.010425
108643 0.827115000768 0.008925 0.840626439429 0.018025
97539 0.839705204975 0.00565 0.833563641947 0.015575
147586 0.835099032704 0.020425 0.82772915707 0.01205
76259 0.839398126823 0.0051 0.839705204975 0.01565
144674 0.836020267158 0.011275 0.838476892369 0.01655
119996 0.84093351758 0.007525 0.828957469676 0.0271
90600 0.83310302472 0.00445 0.828496852449 0.009325
126498 0.836941501612 0.00905 0.835713189007 0.01185
102402 0.832335329341 0.008625 0.834638415477 0.009825
