105338 0.735 0.1093 0.74 0.05565
157502 0.695 0.1 0.695 0.0627
47747 0.81 0.063875 0.82 0.016225
95724 0.74 0.088125 0.735 0.033425
100581 0.805 0.084975 0.765 0.03185
169225 0.805 0.099425 0.825 0.06945
192940 0.755 0.12225 0.755 0.065975
101959 0.825 0.109675 0.815 0.04045
76352 0.735 0.067075 0.705 0.032425
79031 0.74 0.088525 0.71 0.03685
47452 0.76 0.0595 0.755 0.011075
107567 0.75 0.088075 0.77 0.0586
144177 0.735 0.10895 0.75 0.0505
125560 0.74 0.097 0.75 0.059875
137531 0.77 0.109425 0.745 0.042675
125847 0.755 0.1065 0.74 0.04005
113588 0.775 0.1075 0.745 0.043775
153187 0.76 0.1022 0.77 0.06005
138440 0.76 0.117 0.725 0.042325
128175 0.775 0.11165 0.745 0.048775
100088 0.8 0.0847 0.8 0.0401
108524 0.785 0.0735 0.78 0.062425
77254 0.795 0.085625 0.76 0.02335
133790 0.755 0.115725 0.755 0.06835
76777 0.77 0.082075 0.745 0.0315
81561 0.78 0.08415 0.78 0.04675
151646 0.76 0.12755 0.78 0.0617
157387 0.775 0.120875 0.745 0.069175
89929 0.78 0.071325 0.785 0.044275
103880 0.745 0.08285 0.79 0.051725
