77750 0.765 0.08795000000000001 0.74 0.238075 7.6626014094
190316 0.705 0.20292499999999997 0.71 0.19625 8.21888097447
199309 0.7 0.18585000000000002 0.665 0.06415000000000001 7.99085895503
81038 0.73 0.074075 0.755 0.13967500000000002 7.86915458096
96069 0.71 0.08302499999999999 0.71 0.057475000000000005 7.58643959359
211864 0.72 0.193475 0.725 0.034675000000000004 8.11483121454
206126 0.72 0.22329999999999997 0.745 0.10217500000000002 7.84164723286
186288 0.765 0.18432499999999996 0.72 0.089375 8.10039172868
88590 0.7 0.115975 0.665 0.06697499999999999 8.24214858922
222699 0.745 0.233675 0.785 0.135575 8.18622049017
78872 0.73 0.078825 0.72 0.1312 7.81176326941
183443 0.715 0.19920000000000002 0.735 0.129675 8.14384488312
90257 0.725 0.09515000000000001 0.72 0.042775 7.96430128067
373585 0.775 0.3041 0.765 0.09117499999999999 8.16219044028
93666 0.73 0.10830000000000001 0.72 0.08324999999999999 8.03628533859
233043 0.735 0.23895 0.725 0.133625 8.19786740535
162453 0.765 0.18012499999999998 0.765 0.1052 8.14896854403
143943 0.735 0.16135 0.75 0.17677500000000002 8.15568667506
79501 0.75 0.08129999999999998 0.72 0.04305 8.07237466782
312955 0.75 0.28497500000000003 0.73 0.075325 8.04992303824
149783 0.735 0.1808 0.75 0.137 8.06628953751
105592 0.7 0.11517500000000001 0.73 0.15487499999999998 8.01520384091
171568 0.73 0.1834 0.735 0.131825 8.10377938553
282666 0.74 0.209425 0.72 0.1411 7.99841108238
203600 0.74 0.159675 0.76 0.129225 8.09362771341
142181 0.72 0.15447499999999997 0.68 0.10719999999999999 7.85925157045
127272 0.775 0.134725 0.71 0.09655000000000001 8.10492977862
242831 0.79 0.2212 0.77 0.121225 8.097779159
103202 0.765 0.125075 0.72 0.027450000000000002 8.02587333355
162081 0.715 0.18164999999999998 0.725 0.11000000000000001 8.130077238
