77750 0.765 0.08795000000000001 0.735 0.085825 6.631228888
190316 0.705 0.20292499999999997 0.69 0.15735 7.44622087691
199309 0.7 0.18585000000000002 0.67 0.08772500000000001 7.23867618053
81038 0.73 0.074075 0.755 0.08465 7.23370738236
96069 0.71 0.08302499999999999 0.72 0.07737500000000001 6.13994415715
211864 0.72 0.193475 0.725 0.023674999999999998 7.47898103028
206126 0.72 0.22329999999999997 0.735 0.024550000000000002 7.55348895574
186288 0.765 0.18432499999999996 0.745 0.15587499999999999 7.27685181963
88590 0.7 0.115975 0.7 0.14585 7.47736788601
222699 0.745 0.233675 0.75 0.08857499999999999 7.70464356156
78872 0.73 0.078825 0.72 0.10575000000000001 6.57269589887
183443 0.715 0.19920000000000002 0.74 0.079675 7.16303681236
90257 0.725 0.09515000000000001 0.745 0.025575 6.94805634286
373585 0.775 0.3041 0.76 0.046875 7.16724577208
93666 0.73 0.10830000000000001 0.76 0.127475 7.24636553241
233043 0.735 0.23895 0.725 0.16527499999999995 7.42763704496
162453 0.765 0.18012499999999998 0.79 0.14429999999999998 7.34196032851
143943 0.735 0.16135 0.745 0.13015000000000002 7.45531011221
79501 0.75 0.08129999999999998 0.765 0.04735 7.07638108497
312955 0.75 0.28497500000000003 0.745 0.16384999999999997 7.3581815231
149783 0.735 0.1808 0.745 0.16444999999999996 7.46789059608
105592 0.7 0.11517500000000001 0.715 0.07495 6.87906594787
171568 0.73 0.1834 0.75 0.10287500000000001 7.40464005326
282666 0.74 0.209425 0.69 0.1134 6.72339840276
203600 0.74 0.159675 0.76 0.082775 6.967124404
142181 0.72 0.15447499999999997 0.715 0.03525 7.09348688391
127272 0.775 0.134725 0.73 0.067025 7.23145000801
242831 0.79 0.2212 0.745 0.05047500000000001 7.0203488279
103202 0.765 0.125075 0.745 0.05115 7.14860622158
162081 0.715 0.18164999999999998 0.695 0.130275 7.19638300488
