77750 0.765 0.08795000000000001 0.73 0.05392500000000001 6.88241604926
190316 0.705 0.20292499999999997 0.715 0.08467500000000001 7.64477582749
199309 0.7 0.18585000000000002 0.685 0.11860000000000001 7.46003132614
81038 0.73 0.074075 0.74 0.1366 7.63253788695
96069 0.71 0.08302499999999999 0.705 0.0342 6.12339666241
211864 0.72 0.193475 0.695 0.019225 7.68131956531
206126 0.72 0.22329999999999997 0.74 0.18700000000000003 7.39603350018
186288 0.765 0.18432499999999996 0.755 0.18789999999999998 7.40571189619
88590 0.7 0.115975 0.68 0.081125 7.73091398295
222699 0.745 0.233675 0.77 0.09377500000000001 7.55732600732
78872 0.73 0.078825 0.715 0.082025 6.77238353527
183443 0.715 0.19920000000000002 0.725 0.081275 7.44451372659
90257 0.725 0.09515000000000001 0.71 0.061475 7.54653775712
373585 0.775 0.3041 0.795 0.09394999999999999 7.55678105956
93666 0.73 0.10830000000000001 0.76 0.149775 7.14415314449
233043 0.735 0.23895 0.735 0.11740000000000002 7.46682592169
162453 0.765 0.18012499999999998 0.725 0.16315 7.62570822214
143943 0.735 0.16135 0.735 0.15214999999999998 7.51193998309
79501 0.75 0.08129999999999998 0.765 0.046400000000000004 7.38452764932
312955 0.75 0.28497500000000003 0.715 0.143125 7.41198034244
149783 0.735 0.1808 0.75 0.16842500000000002 7.1661534456
105592 0.7 0.11517500000000001 0.705 0.0664 7.44453729026
171568 0.73 0.1834 0.705 0.19457500000000003 7.46585668982
282666 0.74 0.209425 0.715 0.13180000000000003 7.49792113492
203600 0.74 0.159675 0.76 0.098 7.56862988194
142181 0.72 0.15447499999999997 0.705 0.11877500000000002 7.33901234262
127272 0.775 0.134725 0.705 0.0614 7.45088171758
242831 0.79 0.2212 0.76 0.08070000000000001 7.12605191188
103202 0.765 0.125075 0.73 0.028724999999999997 7.32382683054
162081 0.715 0.18164999999999998 0.705 0.1082 7.39151227355
