153643 0.823890680178 0.002275 0.824351297405 0.000775 3.26884155764
137133 0.820512820513 0.001725 0.819591586059 0.0008500000000000001 3.32602816102
105999 0.808690311684 0.0014500000000000001 0.80884385076 0.0007750000000000001 3.37869817556
105348 0.813757101182 0.0014750000000000002 0.814217718409 0.000575 3.31334998002
144554 0.822969445724 0.001875 0.822969445724 0.0008 3.36614141878
134574 0.824504836481 0.0013 0.825118992784 0.001025 3.42810124282
103145 0.811607554123 0.00165 0.811914632274 0.0006000000000000002 3.39399850777
117395 0.819591586059 0.001675 0.820512820513 0.0006 3.42024533457
128157 0.816520804545 0.001675 0.816213726393 0.0005250000000000001 3.26527568609
115277 0.81989866421 0.0016250000000000001 0.819130968832 0.0007000000000000001 3.35395570991
143025 0.815753109166 0.00185 0.816213726393 0.00045 3.22846900675
140269 0.826347305389 0.00165 0.825118992784 0.0007999999999999999 3.37977987315
113726 0.809611546138 0.0017000000000000001 0.810072163366 0.000475 3.38132995429
143300 0.820666359589 0.0017000000000000001 0.82097343774 0.0007000000000000001 3.30945893648
155545 0.816981421772 0.00185 0.818209734377 0.0006 3.32421045477
144565 0.820512820513 0.0018 0.818056195302 0.0009750000000000001 3.40903642176
110984 0.820819898664 0.0017499999999999998 0.820666359589 0.0006 3.27503825982
161098 0.819745125134 0.002225 0.820359281437 0.0007250000000000001 3.35839108456
128568 0.819591586059 0.001775 0.81989866421 0.00075 3.46979583111
179482 0.816060187318 0.0021750000000000003 0.815906648242 0.0008 3.38366851239
134106 0.817442038999 0.0013750000000000001 0.81667434362 0.00085 3.37661869281
109992 0.815906648242 0.0014750000000000002 0.814678335636 0.000575 3.28281033764
108902 0.818209734377 0.0017 0.817902656226 0.0003 3.28361046549
132087 0.809150928911 0.001325 0.808383233533 0.0005250000000000001 3.27091745842
159254 0.82204821127 0.00155 0.821434054967 0.000575 3.42934776154
128096 0.820819898664 0.0018500000000000003 0.820666359589 0.0007000000000000001 3.27417038258
123426 0.816213726393 0.0017499999999999998 0.816827882696 0.000575 3.44680022667
113517 0.815292491939 0.0017250000000000002 0.816213726393 0.0008 3.36413026685
126369 0.821894672194 0.001925 0.823890680178 0.0007000000000000001 3.35874287029
120540 0.813757101182 0.0016 0.812835866728 0.0007750000000000001 3.30316972809
