153643 0.823890680178 0.002275 0.824197758329 0.000675 3.7670168414
137133 0.820512820513 0.001725 0.820512820513 0.0006 3.63769879966
105999 0.808690311684 0.0014500000000000001 0.808536772609 0.000475 3.65083610537
105348 0.813757101182 0.0014750000000000002 0.812989405804 0.000425 3.69684385934
144554 0.822969445724 0.001875 0.822508828497 0.0005 3.70256312162
134574 0.824504836481 0.0013 0.824504836481 0.0007250000000000001 3.72488698484
103145 0.811607554123 0.00165 0.812835866728 0.000625 3.72323829357
117395 0.819591586059 0.001675 0.819745125134 0.000625 3.72349951862
128157 0.816520804545 0.001675 0.817288499923 0.0005 3.61605346749
115277 0.81989866421 0.0016250000000000001 0.820512820513 0.00085 3.64839270388
143025 0.815753109166 0.00185 0.816213726393 0.000425 3.68538007155
140269 0.826347305389 0.00165 0.824965453708 0.00065 3.70679538336
113726 0.809611546138 0.0017000000000000001 0.810379241517 0.000475 3.66659472539
143300 0.820666359589 0.0017000000000000001 0.819745125134 0.0009750000000000001 3.67294093878
155545 0.816981421772 0.00185 0.81667434362 0.0005250000000000001 3.85374329357
144565 0.820512820513 0.0018 0.817442038999 0.0007500000000000001 3.73252405724
110984 0.820819898664 0.0017499999999999998 0.820666359589 0.00055 3.55835464561
161098 0.819745125134 0.002225 0.820052203286 0.0005 3.67226135293
128568 0.819591586059 0.001775 0.818516812529 0.00065 3.82522180492
179482 0.816060187318 0.0021750000000000003 0.816367265469 0.000575 3.70094968829
134106 0.817442038999 0.0013750000000000001 0.816520804545 0.000675 3.64686035359
109992 0.815906648242 0.0014750000000000002 0.815599570091 0.00035000000000000005 3.71341264937
108902 0.818209734377 0.0017 0.817288499923 0.00045 3.61463228264
132087 0.809150928911 0.001325 0.808536772609 0.000525 3.66885405489
159254 0.82204821127 0.00155 0.821434054967 0.000325 3.74325601123
128096 0.820819898664 0.0018500000000000003 0.820205742361 0.0006 3.62464429133
123426 0.816213726393 0.0017499999999999998 0.817288499923 0.0008000000000000001 3.72734163091
113517 0.815292491939 0.0017250000000000002 0.817442038999 0.000625 3.76429564671
126369 0.821894672194 0.001925 0.823890680178 0.000775 3.75230218154
120540 0.813757101182 0.0016 0.811761093198 0.0004 3.58947318621
