153643 0.823890680178 0.002275 0.824197758329 0.0010500000000000002 2.93610168054
137133 0.820512820513 0.001725 0.819284507907 0.001275 3.02359363247
105999 0.808690311684 0.0014500000000000001 0.808229694457 0.0007000000000000001 3.160673538
105348 0.813757101182 0.0014750000000000002 0.814217718409 0.0007500000000000001 2.91235307063
144554 0.822969445724 0.001875 0.823430062951 0.0008749999999999999 2.93992813005
134574 0.824504836481 0.0013 0.825118992784 0.00125 3.15599154671
103145 0.811607554123 0.00165 0.811607554123 0.00095 3.12312187938
117395 0.819591586059 0.001675 0.81882389068 0.000825 3.12727249131
128157 0.816520804545 0.001675 0.816213726393 0.0009 2.94512610012
115277 0.81989866421 0.0016250000000000001 0.820512820513 0.0014750000000000002 2.98235094955
143025 0.815753109166 0.00185 0.816060187318 0.0009750000000000001 2.91216338557
140269 0.826347305389 0.00165 0.825118992784 0.000675 3.14784957754
113726 0.809611546138 0.0017000000000000001 0.810225702441 0.00085 3.04646688404
143300 0.820666359589 0.0017000000000000001 0.821280515891 0.000625 3.13882252284
155545 0.816981421772 0.00185 0.817902656226 0.00045000000000000004 2.97072498783
144565 0.820512820513 0.0018 0.81882389068 0.00135 3.15886994975
110984 0.820819898664 0.0017499999999999998 0.820666359589 0.00042500000000000003 2.99890897708
161098 0.819745125134 0.002225 0.81989866421 0.0009 3.14640037816
128568 0.819591586059 0.001775 0.818209734377 0.000925 3.22016227942
179482 0.816060187318 0.0021750000000000003 0.815753109166 0.0008749999999999999 3.14467721439
134106 0.817442038999 0.0013750000000000001 0.817595578075 0.0009 3.00881357025
109992 0.815906648242 0.0014750000000000002 0.815599570091 0.0009250000000000001 3.03830359638
108902 0.818209734377 0.0017 0.818209734377 0.000575 2.95915420128
132087 0.809150928911 0.001325 0.808536772609 0.000725 2.79094581942
159254 0.82204821127 0.00155 0.821587594043 0.00085 3.14945838673
128096 0.820819898664 0.0018500000000000003 0.819284507907 0.0009750000000000001 3.07807862168
123426 0.816213726393 0.0017499999999999998 0.816981421772 0.00075 3.19144987161
113517 0.815292491939 0.0017250000000000002 0.816367265469 0.001025 3.0427756023
126369 0.821894672194 0.001925 0.8231229848 0.001425 2.8930552217
120540 0.813757101182 0.0016 0.814831874712 0.00055 2.96167713644
