153643 0.823890680178 0.002275 0.824044219254 0.00085 3.17170650312
137133 0.820512820513 0.001725 0.819284507907 0.00095 3.13124690398
105999 0.808690311684 0.0014500000000000001 0.80884385076 0.000475 3.23442874565
105348 0.813757101182 0.0014750000000000002 0.814524796561 0.0007500000000000001 3.10797801457
144554 0.822969445724 0.001875 0.823276523875 0.000675 3.18944866256
134574 0.824504836481 0.0013 0.824504836481 0.0011 3.27754558891
103145 0.811607554123 0.00165 0.811454015047 0.0008250000000000002 3.25449023231
117395 0.819591586059 0.001675 0.819745125134 0.0009 3.2845475433
128157 0.816520804545 0.001675 0.815906648242 0.000725 3.1010403001
115277 0.81989866421 0.0016250000000000001 0.81989866421 0.0013 3.18513603984
143025 0.815753109166 0.00185 0.815753109166 0.001 3.04523231716
140269 0.826347305389 0.00165 0.825118992784 0.0008 3.30822774737
113726 0.809611546138 0.0017000000000000001 0.809458007063 0.00075 3.16637086492
143300 0.820666359589 0.0017000000000000001 0.821434054967 0.000575 3.17975098611
155545 0.816981421772 0.00185 0.816827882696 0.00055 3.13688615988
144565 0.820512820513 0.0018 0.818977429756 0.001275 3.28771160226
110984 0.820819898664 0.0017499999999999998 0.820666359589 0.0006000000000000001 3.15405890821
161098 0.819745125134 0.002225 0.821280515891 0.0011250000000000001 3.19129795726
128568 0.819591586059 0.001775 0.818977429756 0.00065 3.32082567471
179482 0.816060187318 0.0021750000000000003 0.815906648242 0.000825 3.22275877199
134106 0.817442038999 0.0013750000000000001 0.816520804545 0.0008750000000000001 3.20438811734
109992 0.815906648242 0.0014750000000000002 0.814678335636 0.0007250000000000001 3.07621804547
108902 0.818209734377 0.0017 0.818363273453 0.000575 3.14854728166
132087 0.809150928911 0.001325 0.809150928911 0.000825 3.11528312002
159254 0.82204821127 0.00155 0.82204821127 0.0008 3.28827469934
128096 0.820819898664 0.0018500000000000003 0.819745125134 0.00125 3.16427064731
123426 0.816213726393 0.0017499999999999998 0.816520804545 0.0006000000000000001 3.37494951403
113517 0.815292491939 0.0017250000000000002 0.815599570091 0.000675 3.22034662813
126369 0.821894672194 0.001925 0.824044219254 0.001 3.15028358517
120540 0.813757101182 0.0016 0.813603562107 0.000575 3.13401178058
