26945 0.7 0.028125 0.71 0.0164 6.20106669097
30651 0.74 0.018325 0.725 0.01405 6.62950241437
28204 0.685 0.020025 0.675 0.0123 5.71210280167
22160 0.705 0.017875000000000002 0.71 0.00885 5.9726677081
26472 0.7 0.026225000000000002 0.7 0.015175000000000001 5.2833536235
18949 0.7 0.01685 0.7 0.015600000000000001 5.55911865535
64633 0.775 0.034249999999999996 0.795 0.01195 7.00866108377
79473 0.685 0.0369 0.7 0.008525 6.14102595871
26455 0.7 0.02025 0.705 0.01085 5.410834093
32510 0.71 0.019850000000000003 0.72 0.0095 6.50528746015
18660 0.78 0.012825 0.775 0.006525 6.06582058464
16790 0.685 0.0191 0.685 0.016 6.58034886933
37569 0.695 0.028900000000000006 0.7 0.012175 6.54396474567
35363 0.695 0.026000000000000002 0.705 0.013474999999999999 5.99345739479
25175 0.675 0.0179 0.69 0.008825000000000001 6.49893025653
33266 0.75 0.02855 0.75 0.010550000000000002 6.27844333394
10467 0.685 0.013175 0.68 0.00935 4.46758310819
33161 0.755 0.023825000000000002 0.77 0.012875000000000001 6.42077554296
48409 0.695 0.023000000000000003 0.695 0.017775 6.94711767745
23334 0.69 0.019074999999999998 0.69 0.011925000000000002 6.61347311312
32436 0.74 0.025700000000000004 0.755 0.007424999999999999 6.2734423809
30478 0.705 0.024625000000000005 0.705 0.013175000000000001 6.66839385853
47873 0.75 0.016625 0.76 0.011275 6.83611126305
25431 0.7 0.017 0.69 0.01505 6.70304406378
30275 0.72 0.012400000000000001 0.72 0.00915 6.52047182581
10023 0.705 0.015674999999999998 0.71 0.014199999999999999 4.41494569031
21484 0.7 0.0166 0.705 0.013425 6.52844774004
55059 0.755 0.0345 0.76 0.015025 6.59253562174
18796 0.745 0.020650000000000005 0.725 0.014525000000000001 6.31331383046
31496 0.685 0.02045 0.695 0.011049999999999999 6.08433815932
