26945 0.7 0.028125 0.71 0.01855 0.755277349599
30651 0.74 0.018325 0.74 0.01655 1.44590160719
28204 0.685 0.020025 0.68 0.0171 1.13525493235
22160 0.705 0.017875000000000002 0.705 0.009625 1.43648819883
26472 0.7 0.026225000000000002 0.705 0.012 0.682231669788
18949 0.7 0.01685 0.705 0.01605 1.18120724424
64633 0.775 0.034249999999999996 0.785 0.016825 1.24113818308
79473 0.685 0.0369 0.675 0.011500000000000002 1.09086707661
26455 0.7 0.02025 0.695 0.026025 1.71975238814
32510 0.71 0.019850000000000003 0.715 0.010550000000000002 0.928277794353
18660 0.78 0.012825 0.775 0.010350000000000002 0.992060108067
16790 0.685 0.0191 0.685 0.016825 1.07808555572
37569 0.695 0.028900000000000006 0.7 0.017200000000000003 0.811379897127
35363 0.695 0.026000000000000002 0.695 0.022375 0.992994146377
25175 0.675 0.0179 0.685 0.011974999999999998 1.20152134818
33266 0.75 0.02855 0.75 0.028150000000000005 3.13553888419
10467 0.685 0.013175 0.68 0.0089 1.27754653341
33161 0.755 0.023825000000000002 0.76 0.02075 1.54685191631
48409 0.695 0.023000000000000003 0.685 0.021500000000000005 1.10441099122
23334 0.69 0.019074999999999998 0.7 0.021825 2.54234039967
32436 0.74 0.025700000000000004 0.75 0.019874999999999997 1.2236451997
30478 0.705 0.024625000000000005 0.71 0.013300000000000001 1.11575279421
47873 0.75 0.016625 0.75 0.015175000000000001 1.07363229907
25431 0.7 0.017 0.7 0.014575 1.04958907232
30275 0.72 0.012400000000000001 0.725 0.00815 1.15283349632
10023 0.705 0.015674999999999998 0.71 0.0189 1.20150056078
21484 0.7 0.0166 0.7 0.013450000000000002 0.83934610136
55059 0.755 0.0345 0.755 0.027825000000000003 1.67816743463
18796 0.745 0.020650000000000005 0.74 0.018775 0.991101843104
31496 0.685 0.02045 0.695 0.014775 0.859882126421
