26945 0.7 0.028125 0.735 0.009025 7.553622962
30651 0.74 0.018325 0.725 0.00815 7.80658913862
28204 0.685 0.020025 0.685 0.012000000000000002 7.87522515318
22160 0.705 0.017875000000000002 0.695 0.012125000000000002 8.05410712214
26472 0.7 0.026225000000000002 0.7 0.008700000000000001 7.59925977491
18949 0.7 0.01685 0.695 0.012124999999999999 7.57006424069
64633 0.775 0.034249999999999996 0.79 0.014525000000000001 7.97600774037
79473 0.685 0.0369 0.685 0.005600000000000001 7.86957950044
26455 0.7 0.02025 0.69 0.0106 7.68295276494
32510 0.71 0.019850000000000003 0.735 0.007150000000000001 7.86505614672
18660 0.78 0.012825 0.77 0.010275000000000001 7.73796103846
16790 0.685 0.0191 0.68 0.006775 7.80331282217
37569 0.695 0.028900000000000006 0.69 0.01125 7.70948763529
35363 0.695 0.026000000000000002 0.7 0.012675 8.00517576064
25175 0.675 0.0179 0.705 0.01795 7.85145777049
33266 0.75 0.02855 0.735 0.008875 7.77465867214
10467 0.685 0.013175 0.685 0.0121 7.25041177023
33161 0.755 0.023825000000000002 0.75 0.00935 7.95042259903
48409 0.695 0.023000000000000003 0.69 0.022875000000000006 7.82982492997
23334 0.69 0.019074999999999998 0.69 0.0098 7.89004266599
32436 0.74 0.025700000000000004 0.75 0.011575000000000002 7.60448572921
30478 0.705 0.024625000000000005 0.695 0.008825000000000001 7.78955057763
47873 0.75 0.016625 0.74 0.01595 8.04470408677
25431 0.7 0.017 0.7 0.0136 7.78872870845
30275 0.72 0.012400000000000001 0.715 0.01045 8.02372065591
10023 0.705 0.015674999999999998 0.72 0.023175000000000005 7.52009041486
21484 0.7 0.0166 0.69 0.013250000000000001 7.78784980856
55059 0.755 0.0345 0.745 0.01205 8.01143716264
18796 0.745 0.020650000000000005 0.725 0.009349999999999999 7.29174757872
31496 0.685 0.02045 0.695 0.01225 7.71936249647
