36942 0.821434054967 0.019225 0.821434054967 0.0223
52809 0.821126976816 0.020275 0.820205742361 0.0203
71238 0.813450023031 0.026325 0.813603562107 0.027425
53183 0.818516812529 0.02185 0.818363273453 0.02725
47988 0.826347305389 0.0194 0.826500844465 0.018625
36572 0.823583602027 0.020775 0.823890680178 0.019625
37300 0.819130968832 0.01915 0.818516812529 0.018375
36565 0.827575617995 0.021775 0.827575617995 0.01885
32780 0.81774911715 0.020775 0.816827882696 0.020925
36288 0.818670351604 0.0199 0.817288499923 0.01545
37032 0.812375249501 0.021375 0.813603562107 0.018975
40928 0.821126976816 0.017125 0.821894672194 0.019275
33060 0.819745125134 0.019325 0.819591586059 0.02365
40225 0.81774911715 0.01685 0.817442038999 0.018975
49410 0.809150928911 0.02335 0.808997389836 0.0306
40505 0.816520804545 0.020925 0.815906648242 0.019425
48130 0.816981421772 0.020975 0.81667434362 0.016275
37329 0.823430062951 0.018925 0.822662367573 0.018525
53964 0.822815906648 0.02205 0.8231229848 0.020875
51213 0.82204821127 0.021575 0.821587594043 0.0198
50927 0.817442038999 0.021625 0.816367265469 0.027925
30815 0.81774911715 0.0151 0.817595578075 0.016125
43644 0.804851834792 0.01975 0.805158912943 0.02095
41242 0.81667434362 0.020675 0.816981421772 0.0163
47218 0.822815906648 0.01965 0.8231229848 0.0206
38013 0.812682327652 0.015125 0.812682327652 0.017525
48895 0.822201750345 0.0221 0.822815906648 0.02145
42948 0.823583602027 0.02305 0.824504836481 0.029
31217 0.811300475971 0.019025 0.810225702441 0.02325
38212 0.817902656226 0.0216 0.817288499923 0.01505
