156883 0.843390142791 0.12332500000000002 0.84093351758 0.0003 4.95321170941
139792 0.846460924305 0.11850000000000001 0.822201750345 0.019625 5.32071669526 
4365 0.828496852449 0.002825 0.815599570091 0.015175000000000001 9.09590552085 
167365 0.839244587748 0.10845000000000002 0.831107016736 5e-05 4.05939956876 
29515 0.831874712114 0.025625 0.826040227238 0.00025 3.99696035494 
82882 0.837402118839 0.06325000000000001 0.839091048672 0.0 4.7448006732 
130261 0.830339321357 0.09080000000000002 0.832949485644 0.0008500000000000001 4.75838478958 
36948 0.842468908337 0.022700000000000005 0.833563641947 0.041175 3.68426172811 
6196 0.829264547827 0.006424999999999999 0.832488868417 0.01345 3.07288554455 
46121 0.851681252879 0.030449999999999998 0.847842775986 0.004025 4.65511904555 
163337 0.844771994473 0.12085000000000001 0.839091048672 0.0032000000000000006 4.36505079336 
108253 0.83095347766 0.148125 0.825579610011 0.023825000000000002 4.04078872845 
3690 0.831107016736 0.006725 0.830339321357 0.0 1.99980932851 
7784 0.848149854138 0.0025749999999999996 0.822662367573 0.033575 2.85347797512 
10711 0.827268539843 0.007625000000000001 0.828036235222 0.01225 6.18674439807 
2390 0.835406110855 0.0012 0.833717181023 0.0049250000000000006 2.57328409064 
329640 0.832335329341 0.216625 0.829418086903 0.02045 4.19701063559 
63471 0.844311377246 0.036775 0.83985874405 2.5e-05 9.98764588197 
9676 0.831721173039 0.006375 0.83525257178 0.0 4.70987400069 
9155 0.842775986489 0.0045000000000000005 0.826807922616 0.0001 4.58637962145 
71351 0.824658375557 0.058825 0.831414094887 2.5e-05 3.98415799785 
11184 0.843850760018 0.0060999999999999995 0.83310302472 0.0064 9.83024450456 
113108 0.836020267158 0.080675 0.815753109166 0.0011 3.61493474743 
3241 0.842622447413 0.0017 0.824197758329 0.0030750000000000005 8.39963447451 
5899 0.836941501612 0.0050750000000000005 0.830492860433 0.00037500000000000006 8.67814497654 
39005 0.835406110855 0.049850000000000005 0.824044219254 0.000775 3.48351936895 
97803 0.839244587748 0.07955 0.84200829111 0.011600000000000001 3.98135840533 
62211 0.832335329341 0.053275 0.823430062951 0.018500000000000003 4.43418032915 
13510 0.840012283126 0.01145 0.830646399509 0.0017 3.86614734644 
26308 0.847689236911 0.011824999999999999 0.831260555811 0.0 4.41255528336 
