156883 0.843390142791 0.12332500000000002 0.837862736066 7.5e-05 3.88975892545
139792 0.846460924305 0.11850000000000001 0.836634423461 2.5e-05 3.54603922297 
4365 0.828496852449 0.002825 0.82204821127 0.001025 5.39075837406 
167365 0.839244587748 0.10845000000000002 0.832949485644 0.0 3.86049778129 
29515 0.831874712114 0.025625 0.833410102871 0.001975 3.71189630363 
82882 0.837402118839 0.06325000000000001 0.844925533548 0.00125 3.60342780835 
130261 0.830339321357 0.09080000000000002 0.825886688162 0.0016 4.01585259121 
36948 0.842468908337 0.022700000000000005 0.833410102871 0.05352500000000001 3.22424926103 
6196 0.829264547827 0.006424999999999999 0.828957469676 0.012174999999999998 3.02037121895 
46121 0.851681252879 0.030449999999999998 0.841394134807 0.002625 3.72347832058 
163337 0.844771994473 0.12085000000000001 0.840012283126 0.00255 3.72430561271 
108253 0.83095347766 0.148125 0.827268539843 0.001425 3.74057231945 
3690 0.831107016736 0.006725 0.831107016736 0.0 1.62753151304 
7784 0.848149854138 0.0025749999999999996 0.828036235222 0.00635 2.18313864641 
10711 0.827268539843 0.007625000000000001 0.828189774298 0.007875 2.59475627076 
2390 0.835406110855 0.0012 0.834638415477 0.08109999999999999 0.60076961137 
329640 0.832335329341 0.216625 0.824044219254 0.0053 3.78335063816 
63471 0.844311377246 0.036775 0.832795946568 0.0014000000000000002 4.74134083971 
9676 0.831721173039 0.006375 0.835866728082 0.013500000000000002 2.50836624494 
9155 0.842775986489 0.0045000000000000005 0.829264547827 0.0034000000000000002 2.41887797782 
71351 0.824658375557 0.058825 0.829418086903 0.00025 3.30738040918 
11184 0.843850760018 0.0060999999999999995 0.832488868417 0.000275 8.73071481927 
113108 0.836020267158 0.080675 0.819438046983 5e-05 3.59744333992 
3241 0.842622447413 0.0017 0.838169814218 0.0 4.09466405605 
5899 0.836941501612 0.0050750000000000005 0.825579610011 0.000125 6.64824628829 
39005 0.835406110855 0.049850000000000005 0.830646399509 0.0016250000000000001 3.09938424333 
97803 0.839244587748 0.07955 0.842315369261 0.00885 3.9138173626 
62211 0.832335329341 0.053275 0.825733149086 5e-05 3.72598987518 
13510 0.840012283126 0.01145 0.833870720098 0.00017500000000000003 3.16248622053 
26308 0.847689236911 0.011824999999999999 0.831414094887 0.0015250000000000003 3.09219028556 
