276328 0.828650391525 0.11760000000000001 0.831721173039 0.039599999999999996 3.96197177986 
155651 0.836020267158 0.031974999999999996 0.83985874405 0.040549999999999996 3.99819446182 
167715 0.84093351758 0.0482 0.83525257178 0.039900000000000005 3.97396248802 
226768 0.83202825119 0.051025 0.835713189007 0.053950000000000005 3.81004966481 
290613 0.835866728082 0.18709999999999996 0.839091048672 0.09675 3.86165251475 
242783 0.826654383541 0.06797500000000001 0.828650391525 0.0761 4.05068949732 
177665 0.834945493628 0.037200000000000004 0.826961461692 0.06167500000000001 4.07576266935 
256586 0.835099032704 0.09052500000000001 0.83417779825 0.11445 3.83396661784 
270386 0.833256563795 0.18404999999999996 0.83525257178 0.06485 3.96158528173 
312421 0.836787962536 0.10262500000000001 0.840012283126 0.04897500000000001 3.86288243948 
345865 0.81206817135 0.16322499999999998 0.834331337325 0.082925 3.96841359244 
310174 0.838169814218 0.16464999999999996 0.832642407493 0.0316 3.97243867925 
94575 0.835713189007 0.017025000000000002 0.837095040688 0.016825 3.99699651131 
241766 0.829111008752 0.052425000000000006 0.832795946568 0.0741 3.97621029244 
156252 0.825426070935 0.027475 0.826347305389 0.04970000000000001 3.86560005193 
239642 0.834945493628 0.04282500000000001 0.836327345309 0.16154999999999997 3.98426777501 
115444 0.83095347766 0.019325 0.834945493628 0.023375000000000003 3.82371263076 
240363 0.825426070935 0.14 0.826193766314 0.034325 3.89265580038 
299132 0.839398126823 0.194075 0.832795946568 0.071025 3.9755734868 
264228 0.823583602027 0.09510000000000002 0.830339321357 0.08260000000000002 3.96981741787 
206191 0.833256563795 0.033725 0.830185782282 0.11807500000000001 3.96977080668 
311424 0.83985874405 0.163375 0.84093351758 0.04875 3.84366602787 
167067 0.835713189007 0.0279 0.836327345309 0.123175 4.27750160465 
157829 0.845539689851 0.054275000000000004 0.841547673883 0.04285 3.97886687632 
196729 0.835713189007 0.06375000000000001 0.831874712114 0.025025 4.03094918288 
399709 0.838630431445 0.27042499999999997 0.842468908337 0.024525000000000005 3.98726595828 
421835 0.835866728082 0.28855 0.839091048672 0.053425000000000014 3.9331352268 
196991 0.837555657915 0.06415000000000001 0.836480884385 0.0352 3.89788045614 
167656 0.832795946568 0.054125000000000006 0.844004299094 0.06130000000000001 4.10671038647 
326919 0.839551665899 0.256925 0.83525257178 0.08342500000000001 3.85508360598 
