153643 0.823890680178 0.002275 0.823430062951 0.0014000000000000002 2.76149325425
137133 0.820512820513 0.001725 0.819591586059 0.001325 2.66226989097
105999 0.808690311684 0.0014500000000000001 0.809458007063 0.001 2.92747562498
105348 0.813757101182 0.0014750000000000002 0.814064179334 0.0008500000000000001 2.80028387123
144554 0.822969445724 0.001875 0.8231229848 0.0011250000000000001 2.56721938398
134574 0.824504836481 0.0013 0.824351297405 0.001425 2.85912742314
103145 0.811607554123 0.00165 0.812375249501 0.00095 2.82038718066
117395 0.819591586059 0.001675 0.819591586059 0.0007750000000000001 2.99214732386
128157 0.816520804545 0.001675 0.817134960848 0.00095 2.71666979313
115277 0.81989866421 0.0016250000000000001 0.820205742361 0.0012250000000000002 2.85190065383
143025 0.815753109166 0.00185 0.815753109166 0.0012 2.54970081664
140269 0.826347305389 0.00165 0.825272531859 0.001175 3.15580288789
113726 0.809611546138 0.0017000000000000001 0.80991862429 0.000925 2.72643944466
143300 0.820666359589 0.0017000000000000001 0.820359281437 0.00115 2.8979020201
155545 0.816981421772 0.00185 0.816827882696 0.001 2.76144341922
144565 0.820512820513 0.0018 0.819284507907 0.0013 2.81138383778
110984 0.820819898664 0.0017499999999999998 0.821280515891 0.0007500000000000001 2.7049015375
161098 0.819745125134 0.002225 0.821280515891 0.001425 2.91596562777
128568 0.819591586059 0.001775 0.819284507907 0.001125 2.70020681748
179482 0.816060187318 0.0021750000000000003 0.815138952864 0.0010500000000000002 2.9118052643
134106 0.817442038999 0.0013750000000000001 0.817595578075 0.0014000000000000002 2.66823265195
109992 0.815906648242 0.0014750000000000002 0.814678335636 0.000925 2.66536429686
108902 0.818209734377 0.0017 0.818056195302 0.0007500000000000001 2.50770016388
132087 0.809150928911 0.001325 0.809304467987 0.0008249999999999999 2.6403091783
159254 0.82204821127 0.00155 0.822662367573 0.001425 2.89617928885
128096 0.820819898664 0.0018500000000000003 0.819284507907 0.0010500000000000002 2.92031963756
123426 0.816213726393 0.0017499999999999998 0.816520804545 0.0007500000000000001 2.91713762585
113517 0.815292491939 0.0017250000000000002 0.814831874712 0.0008500000000000001 2.79269808138
126369 0.821894672194 0.001925 0.822662367573 0.0016 2.15485864651
120540 0.813757101182 0.0016 0.812989405804 0.000775 2.5860678577
