153643 0.823890680178 0.002275 0.824351297405 0.0006000000000000001 3.43831452809
137133 0.820512820513 0.001725 0.819745125134 0.0008500000000000001 3.46049861898
105999 0.808690311684 0.0014500000000000001 0.808229694457 0.0005 3.45248786356
105348 0.813757101182 0.0014750000000000002 0.813142944879 0.00045 3.43574522382
144554 0.822969445724 0.001875 0.822969445724 0.00095 3.4631200834
134574 0.824504836481 0.0013 0.824811914632 0.0007750000000000001 3.52138220781
103145 0.811607554123 0.00165 0.812682327652 0.000725 3.49567820749
117395 0.819591586059 0.001675 0.82097343774 0.0007250000000000001 3.51284404442
128157 0.816520804545 0.001675 0.817288499923 0.000575 3.38651394929
115277 0.81989866421 0.0016250000000000001 0.820205742361 0.0007500000000000001 3.45393718368
143025 0.815753109166 0.00185 0.815753109166 0.0007000000000000001 3.38462236713
140269 0.826347305389 0.00165 0.824504836481 0.0007750000000000001 3.51037066847
113726 0.809611546138 0.0017000000000000001 0.810532780593 0.00045000000000000004 3.4629097963
143300 0.820666359589 0.0017000000000000001 0.820512820513 0.0006 3.40318017439
155545 0.816981421772 0.00185 0.81774911715 0.000475 3.43856464983
144565 0.820512820513 0.0018 0.818363273453 0.0008749999999999999 3.49534849203
110984 0.820819898664 0.0017499999999999998 0.821741133118 0.0004 3.3642558023
161098 0.819745125134 0.002225 0.820052203286 0.0007250000000000001 3.45873374557
128568 0.819591586059 0.001775 0.819284507907 0.0005 3.50433896292
179482 0.816060187318 0.0021750000000000003 0.81667434362 0.000575 3.46333599131
134106 0.817442038999 0.0013750000000000001 0.816981421772 0.000575 3.46503056014
109992 0.815906648242 0.0014750000000000002 0.815599570091 0.0005250000000000001 3.41619089169
108902 0.818209734377 0.0017 0.81774911715 0.000575 3.37524994799
132087 0.809150928911 0.001325 0.808383233533 0.000675 3.40321235826
159254 0.82204821127 0.00155 0.822355289421 0.0006000000000000001 3.53547987211
128096 0.820819898664 0.0018500000000000003 0.820205742361 0.0008 3.36226907341
123426 0.816213726393 0.0017499999999999998 0.816827882696 0.00075 3.53600928599
113517 0.815292491939 0.0017250000000000002 0.816520804545 0.0008 3.4579664592
126369 0.821894672194 0.001925 0.8231229848 0.0007000000000000001 3.48882039996
120540 0.813757101182 0.0016 0.812682327652 0.0006 3.3807391835
