69558 0.785 0.08900000000000002 0.765 0.044125000000000004 7.75055406383 
116177 0.73 0.080175 0.78 0.079925 7.60429220603 
77786 0.755 0.08025 0.76 0.04390000000000001 7.76742832833 
108902 0.815 0.085775 0.79 0.061524999999999996 7.7868085459 
137160 0.705 0.10517500000000002 0.705 0.056350000000000004 7.9106535119 
108530 0.715 0.08905000000000002 0.7 0.038375000000000006 7.87669815855 
89339 0.76 0.075975 0.755 0.027225000000000003 7.73744774833 
93195 0.825 0.08227499999999999 0.815 0.061950000000000005 7.5790283648 
88352 0.765 0.09022500000000001 0.76 0.033725000000000005 7.80899536738 
146983 0.805 0.11492500000000001 0.785 0.08032500000000001 7.68924438809 
118743 0.8 0.10495000000000002 0.765 0.052225 7.75686299372 
117665 0.745 0.09442500000000001 0.75 0.039275000000000004 7.71090946635 
91410 0.715 0.073175 0.745 0.058800000000000005 7.49952738689 
94027 0.775 0.09665000000000001 0.8 0.055275000000000005 7.75357446726 
101492 0.78 0.11207500000000001 0.78 0.043325 7.746935135 
111153 0.78 0.09700000000000003 0.795 0.04385 7.89225872795 
62812 0.745 0.06657500000000001 0.77 0.051075 7.49631137465 
106049 0.805 0.08015 0.8 0.050425000000000005 7.63850960503 
75670 0.775 0.06 0.785 0.034575 7.4200133288 
91490 0.72 0.0719 0.76 0.0493 7.72516055337 
152155 0.735 0.11800000000000001 0.73 0.0728 7.87881420616 
76202 0.735 0.06437500000000002 0.72 0.046724999999999996 7.72940451328 
118604 0.75 0.082375 0.765 0.0652 7.78032998801 
82149 0.745 0.084725 0.765 0.04927500000000001 7.74751464096 
68585 0.735 0.08842500000000002 0.755 0.04737500000000001 7.73169586572 
81226 0.75 0.087875 0.735 0.032350000000000004 7.55517737667 
74486 0.755 0.07390000000000001 0.735 0.035 7.57312311118 
87697 0.8 0.08620000000000001 0.81 0.044475 7.6297805789 
135626 0.79 0.1176 0.755 0.04800000000000001 7.89322291836 
92605 0.835 0.08815 0.815 0.0316 7.63388753529 
