69558 0.785 0.08900000000000002 0.78 0.03375 7.40908737065 
116177 0.73 0.080175 0.77 0.078175 7.27366076608 
77786 0.755 0.08025 0.74 0.04015 7.25864303118 
108902 0.815 0.085775 0.805 0.055725000000000004 7.19654279858 
137160 0.705 0.10517500000000002 0.69 0.047424999999999995 7.38050916027 
108530 0.715 0.08905000000000002 0.715 0.041875 7.34427401533 
89339 0.76 0.075975 0.765 0.029875000000000002 7.39758578777 
93195 0.825 0.08227499999999999 0.815 0.05582500000000001 7.30052062442 
88352 0.765 0.09022500000000001 0.74 0.024874999999999998 7.5900714783 
146983 0.805 0.11492500000000001 0.785 0.0723 7.36281893823 
118743 0.8 0.10495000000000002 0.77 0.0518 7.43581968685 
117665 0.745 0.09442500000000001 0.735 0.032975000000000004 7.45669082426 
91410 0.715 0.073175 0.755 0.05205 7.12637629213 
94027 0.775 0.09665000000000001 0.785 0.038275 7.03598964635 
101492 0.78 0.11207500000000001 0.8 0.052700000000000004 7.36820577738 
111153 0.78 0.09700000000000003 0.785 0.0671 7.36216599263 
62812 0.745 0.06657500000000001 0.78 0.052625000000000005 6.97111605589 
106049 0.805 0.08015 0.775 0.047650000000000005 6.95957998387 
75670 0.775 0.06 0.785 0.033525 6.8968266123 
91490 0.72 0.0719 0.745 0.048100000000000004 7.55093186979 
152155 0.735 0.11800000000000001 0.735 0.07665 7.74427934685 
76202 0.735 0.06437500000000002 0.71 0.04220000000000001 7.18304381516 
118604 0.75 0.082375 0.78 0.053475 7.38470253979 
82149 0.745 0.084725 0.755 0.04620000000000001 7.5721294869 
68585 0.735 0.08842500000000002 0.735 0.04565000000000001 7.17542442223 
81226 0.75 0.087875 0.74 0.042975000000000006 7.18424576931 
74486 0.755 0.07390000000000001 0.75 0.0409 7.3981021304 
87697 0.8 0.08620000000000001 0.825 0.035725 7.44306166056 
135626 0.79 0.1176 0.765 0.053875 7.4695756192 
92605 0.835 0.08815 0.815 0.033925000000000004 7.35118225791 
