69558 0.785 0.08900000000000002 0.78 0.032575 8.17030381383 
116177 0.73 0.080175 0.775 0.074725 8.01070308399 
77786 0.755 0.08025 0.72 0.04252499999999999 8.19729099332 
108902 0.815 0.085775 0.795 0.067 8.15162299239 
137160 0.705 0.10517500000000002 0.69 0.06182500000000001 8.22410348952 
108530 0.715 0.08905000000000002 0.705 0.042475000000000006 8.24337249101 
89339 0.76 0.075975 0.75 0.040875 8.11676793794 
93195 0.825 0.08227499999999999 0.825 0.05092500000000001 8.15238730601 
88352 0.765 0.09022500000000001 0.74 0.0262 8.21305460251 
146983 0.805 0.11492500000000001 0.78 0.074625 8.143844524 
118743 0.8 0.10495000000000002 0.79 0.06137500000000001 8.35730664258 
117665 0.745 0.09442500000000001 0.73 0.04225 8.17520355085 
91410 0.715 0.073175 0.76 0.06285 7.81804650854 
94027 0.775 0.09665000000000001 0.79 0.041624999999999995 8.21557021033 
101492 0.78 0.11207500000000001 0.785 0.047400000000000005 8.23839463201 
111153 0.78 0.09700000000000003 0.795 0.0525 8.19880648512 
62812 0.745 0.06657500000000001 0.76 0.04875 7.93502273493 
106049 0.805 0.08015 0.775 0.053425000000000014 8.18998823198 
75670 0.775 0.06 0.79 0.041775 7.81259866077 
91490 0.72 0.0719 0.755 0.050550000000000005 8.13509530439 
152155 0.735 0.11800000000000001 0.745 0.0736 8.17183991348 
76202 0.735 0.06437500000000002 0.71 0.041975000000000005 8.09118718888 
118604 0.75 0.082375 0.78 0.0631 8.15802707474 
82149 0.745 0.084725 0.77 0.049275 8.19507462748 
68585 0.735 0.08842500000000002 0.765 0.04275 8.00332725595 
81226 0.75 0.087875 0.735 0.041975 8.09035806828 
74486 0.755 0.07390000000000001 0.745 0.04192500000000001 8.03704296709 
87697 0.8 0.08620000000000001 0.82 0.044375 8.21880068398 
135626 0.79 0.1176 0.78 0.060075 8.1807061365 
92605 0.835 0.08815 0.825 0.031625 8.05492598025 
