69558 0.785 0.08900000000000002 0.76 0.035475000000000007 7.59020585749 
116177 0.73 0.080175 0.77 0.0772 7.68305135664 
77786 0.755 0.08025 0.76 0.052175 7.53425781358 
108902 0.815 0.085775 0.785 0.055900000000000005 7.64054315217 
137160 0.705 0.10517500000000002 0.7 0.0654 7.61199307731 
108530 0.715 0.08905000000000002 0.7 0.04145000000000001 7.63309921602 
89339 0.76 0.075975 0.765 0.0332 7.48264502843 
93195 0.825 0.08227499999999999 0.82 0.05920000000000001 7.57080779452 
88352 0.765 0.09022500000000001 0.755 0.0225 7.69619358394 
146983 0.805 0.11492500000000001 0.78 0.07617499999999999 7.57735371466 
118743 0.8 0.10495000000000002 0.79 0.061275 7.70833999083 
117665 0.745 0.09442500000000001 0.745 0.035425 7.6803609136 
91410 0.715 0.073175 0.745 0.059425000000000006 7.3924683838 
94027 0.775 0.09665000000000001 0.8 0.049800000000000004 7.71990093868 
101492 0.78 0.11207500000000001 0.795 0.056875 7.69168517506 
111153 0.78 0.09700000000000003 0.775 0.073025 7.51688358775 
62812 0.745 0.06657500000000001 0.77 0.05045000000000001 7.46325265609 
106049 0.805 0.08015 0.795 0.05202500000000001 7.36030044365 
75670 0.775 0.06 0.78 0.044025 7.48538453251 
91490 0.72 0.0719 0.75 0.048025000000000005 7.67757664407 
152155 0.735 0.11800000000000001 0.74 0.08115 7.68873239631 
76202 0.735 0.06437500000000002 0.715 0.041525 7.45999924033 
118604 0.75 0.082375 0.77 0.06475 7.71167553412 
82149 0.745 0.084725 0.755 0.045200000000000004 7.61562700623 
68585 0.735 0.08842500000000002 0.74 0.0317 7.60621647081 
81226 0.75 0.087875 0.73 0.031075 7.38314725496 
74486 0.755 0.07390000000000001 0.75 0.035475000000000007 7.39799404969 
87697 0.8 0.08620000000000001 0.815 0.037450000000000004 7.7421639208 
135626 0.79 0.1176 0.775 0.05847500000000001 7.80164348974 
92605 0.835 0.08815 0.81 0.031100000000000003 7.75813492063 
