374690 0.832335329341 0.32505 0.836787962536 0.05695
96163 0.840012283126 0.0495 0.834945493628 0.0755
184339 0.841547673883 0.093975 0.830339321357 0.052625
544522 0.84200829111 0.41205 0.840012283126 0.030325
329372 0.843850760018 0.213425 0.832949485644 0.06155
223430 0.841547673883 0.2081 0.840626439429 0.260725
334903 0.836787962536 0.242225 0.830185782282 0.12755
179734 0.837709196991 0.152325 0.832335329341 0.110125
299607 0.841240595732 0.21325 0.828189774298 0.0177
330191 0.849378166743 0.25915 0.841701212959 0.215675
318699 0.83417779825 0.283225 0.834024259174 0.0379
233065 0.839091048672 0.169325 0.836327345309 0.279425
263309 0.830032243206 0.155975 0.835099032704 0.06785
552173 0.847842775986 0.37045 0.845846768002 0.0237
368206 0.836941501612 0.357625 0.832642407493 0.09175
316753 0.837862736066 0.335625 0.826040227238 0.07605
162282 0.830646399509 0.1184 0.827422078919 0.0743
205285 0.831874712114 0.174625 0.828650391525 0.063825
284347 0.838476892369 0.2206 0.836941501612 0.150025
286489 0.843543681867 0.251175 0.831721173039 0.044975
342832 0.842468908337 0.22055 0.836634423461 0.211775
839556 0.831567633963 0.6232 0.829264547827 0.037525
415340 0.831567633963 0.281425 0.823583602027 0.03
217276 0.827575617995 0.174125 0.831721173039 0.1617
295465 0.841854752034 0.25005 0.834024259174 0.0152
433420 0.842775986489 0.30455 0.839705204975 0.036175
270395 0.832795946568 0.24885 0.827882696146 0.0427
452739 0.826807922616 0.35295 0.831107016736 0.073475
430763 0.84093351758 0.291075 0.840165822202 0.081
94978 0.83417779825 0.048775 0.831721173039 0.1683
