19322 0.844771994473 0.017775 0.834945493628 0.064925
188334 0.837095040688 0.1668 0.829418086903 0.028975
50296 0.84200829111 0.042325 0.832488868417 0.088575
122605 0.836941501612 0.080375 0.830646399509 0.1031
69749 0.838937509596 0.0555 0.834945493628 0.029325
6607 0.84200829111 0.011375 0.823737141102 0.311975
52512 0.834791954552 0.052975 0.830492860433 0.014325
41107 0.836787962536 0.0197 0.831107016736 0.12735
137646 0.832949485644 0.1033 0.828036235222 0.104925
66004 0.837248579764 0.046675 0.83095347766 0.150725
141622 0.842622447413 0.12095 0.830032243206 0.02735
146062 0.846460924305 0.13595 0.839398126823 0.014325
94850 0.8288039306 0.077725 0.815906648242 0.121475
10344 0.840012283126 0.003125 0.836941501612 0.156175
11232 0.831107016736 0.005425 0.828496852449 0.171625
26531 0.84093351758 0.029 0.836480884385 0.12265
80007 0.844771994473 0.04415 0.837709196991 0.124025
35239 0.840319361277 0.0365 0.834024259174 0.0485
64124 0.842929525564 0.04375 0.83417779825 0.2544
3599 0.849531705819 0.00505 0.84415783817 0.159375
44207 0.839705204975 0.060425 0.829264547827 0.0729
41813 0.832181790266 0.054275 0.828036235222 0.054675
17298 0.835099032704 0.008975 0.830185782282 0.05305
33151 0.841701212959 0.021625 0.840319361277 0.085575
61024 0.849378166743 0.054725 0.848303393214 0.16295
42565 0.84093351758 0.0354 0.83525257178 0.084725
71899 0.847382158759 0.068225 0.837402118839 0.030925
44791 0.835406110855 0.026425 0.82772915707 0.073475
160157 0.830646399509 0.1102 0.829111008752 0.073925
95904 0.842775986489 0.116525 0.836173806234 0.049125
