43380 0.826500844465 0.008125 0.826040227238 0.00515 2.72632491748
58769 0.812682327652 0.006975 0.812835866728 0.005475 2.47440588515
47292 0.816981421772 0.005675 0.816520804545 0.0059 2.38729039167
77544 0.81099339782 0.006575 0.81099339782 0.0078000000000000005 2.84392476509
76419 0.813757101182 0.0076 0.813603562107 0.006000000000000001 2.13467782392
33555 0.826193766314 0.00625 0.826807922616 0.005625 1.83446171305
37123 0.82097343774 0.005475 0.819745125134 0.004300000000000001 2.63287198859
67497 0.817288499923 0.0060999999999999995 0.817134960848 0.005675 2.74528387874
39355 0.815446031015 0.005750000000000001 0.815906648242 0.0038 3.0850675758
37273 0.824658375557 0.00645 0.823430062951 0.0049 1.69107819442
31321 0.81667434362 0.00615 0.816520804545 0.005024999999999999 2.6469083222
39290 0.811454015047 0.005900000000000001 0.811761093198 0.004975 2.4673840367
57511 0.821434054967 0.00605 0.82097343774 0.00605 2.23488473996
44304 0.815138952864 0.005625 0.815292491939 0.005 1.84395636352
41597 0.815446031015 0.005575 0.815292491939 0.004075 3.40214706424
53041 0.820819898664 0.00695 0.820819898664 0.005275000000000001 2.58299378268
55633 0.815753109166 0.007249999999999999 0.816520804545 0.0062250000000000005 2.36657942136
39125 0.821280515891 0.005725 0.82097343774 0.00575 2.58680623033
61508 0.820512820513 0.0072250000000000005 0.820666359589 0.005849999999999999 1.11789818553
52260 0.818977429756 0.006075 0.819130968832 0.00525 2.81510453439
51251 0.813450023031 0.007949999999999999 0.813757101182 0.00655 2.52416408597
69075 0.816060187318 0.006599999999999999 0.815753109166 0.006124999999999999 3.08174900076
59071 0.81989866421 0.007025 0.819745125134 0.00525 1.98392227026
40961 0.814371257485 0.00655 0.814678335636 0.0053 2.35505968749
46450 0.830339321357 0.00645 0.829264547827 0.005975 1.94410649407
42039 0.819284507907 0.006500000000000001 0.81882389068 0.005900000000000001 1.89496036416
33505 0.8231229848 0.006299999999999999 0.822969445724 0.0057 1.70043386388
56512 0.816213726393 0.00555 0.815753109166 0.005175000000000001 2.80853577518
72578 0.820512820513 0.0076749999999999995 0.820359281437 0.005625 2.32611257606
29815 0.8231229848 0.005175000000000001 0.8231229848 0.00445 1.92435956367
