43380 0.826500844465 0.008125 0.826193766314 0.00395 3.60593894008
58769 0.812682327652 0.006975 0.813603562107 0.005775 3.22512898687
47292 0.816981421772 0.005675 0.816520804545 0.004300000000000001 3.32682935804
77544 0.81099339782 0.006575 0.809304467987 0.0057 3.73712020214
76419 0.813757101182 0.0076 0.814064179334 0.00655 3.29215330286
33555 0.826193766314 0.00625 0.826193766314 0.004775000000000001 3.4871849214
37123 0.82097343774 0.005475 0.820359281437 0.004325 3.45076346312
67497 0.817288499923 0.0060999999999999995 0.818056195302 0.005775 4.06658922957
39355 0.815446031015 0.005750000000000001 0.815138952864 0.004475 3.40049087153
37273 0.824658375557 0.00645 0.824504836481 0.004975 3.13933256134
31321 0.81667434362 0.00615 0.816213726393 0.004 3.68536812194
39290 0.811454015047 0.005900000000000001 0.811300475971 0.004525 2.9106962994
57511 0.821434054967 0.00605 0.821741133118 0.005175000000000001 3.05803760541
44304 0.815138952864 0.005625 0.814524796561 0.0052 2.89559201576
41597 0.815446031015 0.005575 0.815599570091 0.0034 4.0488332194
53041 0.820819898664 0.00695 0.820512820513 0.004725 3.59604526102
55633 0.815753109166 0.007249999999999999 0.816367265469 0.005175000000000001 3.44875919888
39125 0.821280515891 0.005725 0.820819898664 0.005449999999999999 3.51187503495
61508 0.820512820513 0.0072250000000000005 0.820666359589 0.004775000000000001 3.22648293848
52260 0.818977429756 0.006075 0.819130968832 0.005 3.40652805572
51251 0.813450023031 0.007949999999999999 0.813910640258 0.0049 3.4650592202
69075 0.816060187318 0.006599999999999999 0.815906648242 0.004050000000000001 3.69107386523
59071 0.81989866421 0.007025 0.818977429756 0.004675 3.2722825368
40961 0.814371257485 0.00655 0.814831874712 0.005125000000000001 2.62433809836
46450 0.830339321357 0.00645 0.829725165055 0.0051 3.05633817698
42039 0.819284507907 0.006500000000000001 0.818977429756 0.0049499999999999995 3.28878000194
33505 0.8231229848 0.006299999999999999 0.823276523875 0.004300000000000001 3.67224561123
56512 0.816213726393 0.00555 0.814371257485 0.00395 3.62984912569
72578 0.820512820513 0.0076749999999999995 0.82097343774 0.005175000000000001 3.29287507403
29815 0.8231229848 0.005175000000000001 0.824044219254 0.004050000000000001 3.16769409299
