43380 0.826500844465 0.008125 0.826500844465 0.00625 3.19199814294
58769 0.812682327652 0.006975 0.812682327652 0.0070750000000000006 3.03469008174
47292 0.816981421772 0.005675 0.817134960848 0.005425 3.20552323866
77544 0.81099339782 0.006575 0.810532780593 0.0064 3.46344489504
76419 0.813757101182 0.0076 0.814064179334 0.005325 3.16069599964
33555 0.826193766314 0.00625 0.826347305389 0.0049250000000000006 3.06156017872
37123 0.82097343774 0.005475 0.820666359589 0.0052 3.3310753612
67497 0.817288499923 0.0060999999999999995 0.817902656226 0.00515 4.37643204679
39355 0.815446031015 0.005750000000000001 0.815446031015 0.0049499999999999995 3.5592293835
37273 0.824658375557 0.00645 0.823737141102 0.004975 3.14102839121
31321 0.81667434362 0.00615 0.816520804545 0.00485 3.09004776889
39290 0.811454015047 0.005900000000000001 0.811761093198 0.005475 2.71777440541
57511 0.821434054967 0.00605 0.821126976816 0.005975 3.02086148192
44304 0.815138952864 0.005625 0.814524796561 0.005325 2.348956559
41597 0.815446031015 0.005575 0.815292491939 0.004350000000000001 4.04911104835
53041 0.820819898664 0.00695 0.82097343774 0.0045000000000000005 3.22159792557
55633 0.815753109166 0.007249999999999999 0.816367265469 0.006174999999999999 3.22469848785
39125 0.821280515891 0.005725 0.820512820513 0.0052 3.29488567489
61508 0.820512820513 0.0072250000000000005 0.820819898664 0.0046 3.08777278146
52260 0.818977429756 0.006075 0.819130968832 0.004975 3.32415648821
51251 0.813450023031 0.007949999999999999 0.813450023031 0.0057 3.41467048869
69075 0.816060187318 0.006599999999999999 0.815599570091 0.0046 3.32241047922
59071 0.81989866421 0.007025 0.818977429756 0.00485 2.8468284229
40961 0.814371257485 0.00655 0.815906648242 0.0055249999999999995 3.03380458809
46450 0.830339321357 0.00645 0.829725165055 0.00425 3.243405562
42039 0.819284507907 0.006500000000000001 0.819591586059 0.004575 3.13552901461
33505 0.8231229848 0.006299999999999999 0.822815906648 0.00515 3.67146176102
56512 0.816213726393 0.00555 0.815599570091 0.004 3.36138034408
72578 0.820512820513 0.0076749999999999995 0.820512820513 0.005275000000000001 3.08359346949
29815 0.8231229848 0.005175000000000001 0.823737141102 0.0046500000000000005 3.0837518162
