411419 0.83878397052 0.009025 0.83525257178 0.009175
484270 0.829571625979 0.013425 0.830799938584 0.024775
216913 0.831414094887 0.005575 0.813142944879 0.006525
332675 0.826040227238 0.0064 0.830032243206 0.022675
296194 0.832642407493 0.021775 0.82772915707 0.0263
631126 0.832335329341 0.012125 0.827115000768 0.0266
296599 0.836941501612 0.012175 0.837555657915 0.05625
568596 0.834331337325 0.03125 0.834638415477 0.016875
600721 0.83202825119 0.028375 0.822201750345 0.02705
666370 0.828650391525 0.030925 0.835713189007 0.051725
486787 0.834638415477 0.014725 0.835406110855 0.05
914426 0.838476892369 0.021075 0.831567633963 0.024325
269176 0.838937509596 0.015875 0.827115000768 0.03345
423203 0.839705204975 0.012475 0.83878397052 0.01765
515870 0.841854752034 0.014225 0.837862736066 0.03415
511954 0.83878397052 0.02275 0.837555657915 0.03225
376070 0.832181790266 0.0266 0.835099032704 0.020275
647837 0.836327345309 0.025125 0.837095040688 0.01815
496868 0.832795946568 0.011775 0.827882696146 0.00905
1202951 0.838630431445 0.0255 0.838323353293 0.04045
659111 0.830032243206 0.01645 0.833410102871 0.041525
520556 0.835866728082 0.01875 0.837402118839 0.035875
818811 0.840165822202 0.02765 0.837248579764 0.027075
622188 0.831874712114 0.0309 0.823737141102 0.04985
674973 0.833870720098 0.02155 0.835559649931 0.028
196280 0.824044219254 0.0118 0.822815906648 0.023625
463723 0.832949485644 0.016525 0.832488868417 0.03765
258257 0.830646399509 0.00595 0.834945493628 0.0087
312601 0.834024259174 0.00765 0.835866728082 0.020475
395896 0.835713189007 0.0147 0.841547673883 0.012125
