41415 0.831260555811 0.00575 0.831414094887 0.008075
43931 0.824965453708 0.00655 0.824197758329 0.007625
40954 0.822355289421 0.00655 0.822815906648 0.0066
48406 0.811300475971 0.006425 0.811607554123 0.007375
31384 0.820666359589 0.0055 0.821741133118 0.009125
44399 0.814217718409 0.00635 0.814064179334 0.00855
49594 0.814831874712 0.007125 0.814985413788 0.00725
34201 0.807615538154 0.00505 0.808076155382 0.00885
30321 0.81099339782 0.006075 0.810532780593 0.009275
53490 0.83095347766 0.006625 0.831107016736 0.007175
56947 0.824811914632 0.006225 0.824197758329 0.00915
52714 0.824811914632 0.005225 0.825118992784 0.00975
32003 0.820359281437 0.006375 0.820205742361 0.00865
30103 0.818977429756 0.004725 0.819438046983 0.008275
41167 0.811300475971 0.006775 0.812528788577 0.004475
38978 0.815599570091 0.005825 0.815138952864 0.008225
40787 0.812835866728 0.00675 0.811454015047 0.006425
58613 0.813603562107 0.00695 0.813142944879 0.008325
49221 0.82204821127 0.005625 0.820819898664 0.009275
40564 0.815138952864 0.005225 0.814985413788 0.006425
37796 0.819130968832 0.005575 0.819284507907 0.008675
70940 0.822508828497 0.007725 0.822508828497 0.0096
38168 0.813757101182 0.0057 0.813450023031 0.00775
40898 0.823890680178 0.00625 0.823583602027 0.005825
38159 0.810686319668 0.005675 0.80991862429 0.010275
38757 0.823430062951 0.00515 0.82204821127 0.0081
71405 0.816981421772 0.007625 0.816981421772 0.006875
53242 0.815292491939 0.0071 0.815599570091 0.00605
34235 0.81882389068 0.004675 0.818977429756 0.008825
56782 0.82204821127 0.0068 0.821894672194 0.01
