286808 0.829111008752 0.167075 0.822508828497 0.206025
287717 0.837095040688 0.058225 0.836480884385 0.24315
332098 0.832949485644 0.192475 0.836327345309 0.2236
156533 0.83202825119 0.081675 0.836787962536 0.254375
261650 0.825426070935 0.0721 0.830646399509 0.1979
138713 0.825886688162 0.03895 0.813603562107 0.345925
136252 0.830646399509 0.03525 0.825118992784 0.241725
103171 0.828957469676 0.02065 0.830492860433 0.2596
132330 0.839398126823 0.119775 0.838323353293 0.193825
201806 0.836020267158 0.042575 0.833717181023 0.135125
308718 0.835866728082 0.1705 0.833870720098 0.3768
239920 0.833410102871 0.0993 0.825733149086 0.338925
234794 0.837862736066 0.0377 0.829264547827 0.214975
130954 0.834791954552 0.02285 0.840472900353 0.2488
174638 0.84200829111 0.044 0.840472900353 0.245425
242734 0.817288499923 0.123475 0.824197758329 0.199825
306651 0.838016275142 0.162275 0.836941501612 0.235825
189423 0.826193766314 0.103 0.832642407493 0.19045
400363 0.838937509596 0.2227 0.83985874405 0.380675
324613 0.827422078919 0.09855 0.828957469676 0.315375
156861 0.835406110855 0.034 0.838169814218 0.270675
165455 0.83525257178 0.070225 0.83095347766 0.1145
330030 0.835099032704 0.092575 0.829264547827 0.266425
240864 0.83525257178 0.042 0.835713189007 0.16125
130390 0.838630431445 0.044 0.825426070935 0.163825
265302 0.832181790266 0.114325 0.82987870413 0.448075
194020 0.82987870413 0.104775 0.833870720098 0.200425
374589 0.825426070935 0.29545 0.827268539843 0.460575
215521 0.829111008752 0.076175 0.830339321357 0.135625
234682 0.820359281437 0.066675 0.831107016736 0.304675
