36942 0.821434054967 0.019225 0.821280515891 0.02885
52809 0.821126976816 0.020275 0.820819898664 0.029725
71238 0.813450023031 0.026325 0.813603562107 0.03205
53183 0.818516812529 0.02185 0.817288499923 0.027525
47988 0.826347305389 0.0194 0.826040227238 0.0289
36572 0.823583602027 0.020775 0.824044219254 0.02505
37300 0.819130968832 0.01915 0.818363273453 0.0289
36565 0.827575617995 0.021775 0.826500844465 0.02625
32780 0.81774911715 0.020775 0.817134960848 0.02145
36288 0.818670351604 0.0199 0.817902656226 0.028525
37032 0.812375249501 0.021375 0.81206817135 0.02295
40928 0.821126976816 0.017125 0.821280515891 0.020925
33060 0.819745125134 0.019325 0.820052203286 0.02425
40225 0.81774911715 0.01685 0.818363273453 0.023375
49410 0.809150928911 0.02335 0.809304467987 0.03705
40505 0.816520804545 0.020925 0.816367265469 0.02785
48130 0.816981421772 0.020975 0.81667434362 0.028875
37329 0.823430062951 0.018925 0.822815906648 0.0239
53964 0.822815906648 0.02205 0.8231229848 0.04365
51213 0.82204821127 0.021575 0.822815906648 0.02625
50927 0.817442038999 0.021625 0.81774911715 0.0379
30815 0.81774911715 0.0151 0.817288499923 0.024125
43644 0.804851834792 0.01975 0.805465991095 0.028525
41242 0.81667434362 0.020675 0.817134960848 0.023725
47218 0.822815906648 0.01965 0.822662367573 0.02225
38013 0.812682327652 0.015125 0.812835866728 0.022675
48895 0.822201750345 0.0221 0.821894672194 0.02055
42948 0.823583602027 0.02305 0.823890680178 0.0313
31217 0.811300475971 0.019025 0.811454015047 0.0291
38212 0.817902656226 0.0216 0.81774911715 0.034225
