374690 0.832335329341 0.32505 0.842775986489 0.20525
96163 0.840012283126 0.0495 0.828343313373 0.19375
184339 0.841547673883 0.093975 0.836787962536 0.161875
544522 0.84200829111 0.41205 0.840319361277 0.06985
329372 0.843850760018 0.213425 0.831874712114 0.055675
223430 0.841547673883 0.2081 0.836173806234 0.324225
334903 0.836787962536 0.242225 0.835099032704 0.1262
179734 0.837709196991 0.152325 0.834484876401 0.22365
299607 0.841240595732 0.21325 0.831721173039 0.15775
330191 0.849378166743 0.25915 0.845539689851 0.075875
318699 0.83417779825 0.283225 0.840472900353 0.142425
233065 0.839091048672 0.169325 0.832949485644 0.1115
263309 0.830032243206 0.155975 0.835559649931 0.1104
552173 0.847842775986 0.37045 0.838937509596 0.17445
368206 0.836941501612 0.357625 0.828496852449 0.094825
316753 0.837862736066 0.335625 0.824811914632 0.1539
162282 0.830646399509 0.1184 0.832949485644 0.12365
205285 0.831874712114 0.174625 0.83417779825 0.141775
284347 0.838476892369 0.2206 0.837095040688 0.16075
286489 0.843543681867 0.251175 0.840319361277 0.080575
342832 0.842468908337 0.22055 0.833256563795 0.189075
839556 0.831567633963 0.6232 0.833717181023 0.06725
415340 0.831567633963 0.281425 0.8288039306 0.1782
217276 0.827575617995 0.174125 0.827422078919 0.0639
295465 0.841854752034 0.25005 0.840626439429 0.192925
433420 0.842775986489 0.30455 0.829264547827 0.122175
270395 0.832795946568 0.24885 0.828189774298 0.250825
452739 0.826807922616 0.35295 0.827575617995 0.138525
430763 0.84093351758 0.291075 0.839705204975 0.5189
94978 0.83417779825 0.048775 0.831414094887 0.2161
