80989 0.74 0.080325 0.75 0.04375
159336 0.66 0.152375 0.665 0.025225
85188 0.71 0.11 0.74 0.04335
15749 0.71 0.028725 0.7 0.0405
145096 0.73 0.131225 0.715 0.10795
27426 0.675 0.034875 0.64 0.03575
110766 0.77 0.136525 0.745 0.098875
63410 0.705 0.07565 0.715 0.102725
22418 0.815 0.031875 0.775 0.040375
128533 0.74 0.152425 0.765 0.10385
12905 0.68 0.022225 0.695 0.0579
68954 0.745 0.08045 0.755 0.060925
10355 0.705 0.01005 0.7 0.023025
91426 0.835 0.0927 0.825 0.0678
12595 0.745 0.018875 0.725 0.0352
47079 0.775 0.050425 0.77 0.043575
78484 0.735 0.0848 0.73 0.056925
154015 0.78 0.12795 0.77 0.051775
57594 0.755 0.08675 0.73 0.04045
176533 0.715 0.157575 0.74 0.131825
119944 0.725 0.123225 0.725 0.102975
90226 0.79 0.103375 0.77 0.083925
41692 0.735 0.068475 0.725 0.035675
235201 0.77 0.17725 0.745 0.0893
133343 0.7 0.147275 0.705 0.0832
122739 0.745 0.127925 0.735 0.11875
106961 0.74 0.1278 0.71 0.0425
60504 0.735 0.089625 0.725 0.057775
90654 0.755 0.07835 0.74 0.035875
151529 0.735 0.14655 0.74 0.0266
