11038 0.67 0.012675 0.665 0.020975
29479 0.715 0.013075 0.725 0.02025
43378 0.675 0.023775 0.665 0.026775
32485 0.74 0.021075 0.745 0.03385
48024 0.755 0.022575 0.755 0.04365
56937 0.685 0.03775 0.675 0.036375
59755 0.705 0.022525 0.695 0.014975
24413 0.68 0.016025 0.695 0.021175
21828 0.755 0.0174 0.755 0.028375
42481 0.7 0.030675 0.695 0.015225
12236 0.72 0.014575 0.72 0.030425
33312 0.645 0.018325 0.67 0.02035
14626 0.67 0.01815 0.655 0.03955
41269 0.725 0.029675 0.73 0.049275
8391 0.72 0.014525 0.735 0.02395
26276 0.73 0.0167 0.745 0.0268
11461 0.745 0.01785 0.75 0.02565
22819 0.735 0.019525 0.71 0.036375
10397 0.72 0.013475 0.71 0.01235
16793 0.72 0.023025 0.74 0.0277
8320 0.745 0.01065 0.745 0.021475
21182 0.735 0.0142 0.735 0.037
19801 0.71 0.012975 0.755 0.01775
37665 0.705 0.019075 0.705 0.0327
28278 0.69 0.023425 0.695 0.020775
19026 0.75 0.015775 0.745 0.033475
32397 0.655 0.018325 0.655 0.022025
33989 0.695 0.0183 0.68 0.028425
21294 0.745 0.017575 0.75 0.0436
33365 0.74 0.01845 0.745 0.03885
