247754 0.73 0.206275 0.715 0.181825
35204 0.73 0.05105 0.725 0.0477
54841 0.775 0.077975 0.75 0.03635
182785 0.795 0.126575 0.815 0.08465
169806 0.8 0.105325 0.79 0.103075
49101 0.805 0.05795 0.775 0.116
53632 0.775 0.07975 0.78 0.068475
160633 0.85 0.155 0.865 0.12135
67912 0.785 0.070525 0.81 0.115525
84119 0.78 0.105075 0.765 0.0661
131425 0.755 0.11305 0.775 0.125625
148483 0.8 0.128825 0.785 0.15475
98365 0.79 0.11805 0.805 0.0801
109047 0.705 0.121575 0.72 0.179125
121032 0.79 0.099925 0.78 0.073975
169074 0.78 0.137825 0.775 0.1352
152298 0.72 0.12145 0.685 0.069575
174108 0.775 0.147875 0.76 0.165625
136631 0.76 0.114625 0.745 0.1023
157005 0.8 0.1367 0.79 0.1456
43556 0.755 0.048475 0.73 0.05295
139896 0.81 0.114425 0.84 0.078725
142044 0.75 0.11345 0.755 0.031275
265316 0.805 0.209225 0.795 0.18335
236344 0.8 0.18455 0.79 0.032775
161966 0.765 0.123475 0.74 0.17775
251786 0.81 0.15985 0.78 0.15225
123556 0.805 0.089675 0.8 0.05
200060 0.77 0.18855 0.77 0.163225
134555 0.78 0.097325 0.78 0.0435
