333131 0.842622447413 0.30105 0.822201750345 0.265925 1.7099523702 
355521 0.842929525564 0.290225 0.838937509596 0.471875 2.11635126995 
359827 0.843390142791 0.2791 0.841087056656 0.109925 6.15059703356 
548314 0.841854752034 0.3655250000000001 0.839398126823 0.14245000000000002 2.52678211115 
298246 0.83985874405 0.254825 0.834638415477 0.22770000000000004 1.75772291905 
99748 0.834638415477 0.09725000000000002 0.831260555811 0.13762500000000003 0.420991946436 
122947 0.84415783817 0.08789999999999999 0.833870720098 0.17654999999999998 3.46422789257 
541132 0.829418086903 0.394375 0.831874712114 0.021750000000000002 3.12051830271 
270218 0.833410102871 0.24935000000000002 0.833870720098 0.12105 2.70913038702 
316261 0.84630738523 0.255475 0.833256563795 0.18530000000000002 1.76867821881 
351491 0.840472900353 0.279225 0.837402118839 0.19065 2.39407080316 
284496 0.829418086903 0.228 0.82204821127 0.065625 1.4752060188 
377316 0.838169814218 0.35137500000000005 0.829725165055 0.194775 1.76436099819 
228682 0.838016275142 0.189375 0.833410102871 0.14832499999999998 1.68247495956 
461260 0.835559649931 0.433225 0.822662367573 0.2214 1.9970755101 
222898 0.831260555811 0.18384999999999999 0.819591586059 0.145075 2.23265065791 
466122 0.843697220943 0.3484 0.840779978505 0.0932 1.79737654928 
430777 0.850145862122 0.32302499999999995 0.836787962536 0.0357 5.14099228603 
548475 0.837248579764 0.42829999999999996 0.826961461692 0.07525 2.11563968018 
225879 0.836480884385 0.19792499999999996 0.834024259174 0.05857500000000001 3.06280549692 
155921 0.840472900353 0.133975 0.833563641947 0.147625 1.59874586917 
224451 0.842929525564 0.18635 0.839091048672 0.132825 2.19302238153 
184599 0.836787962536 0.14995 0.836480884385 0.14215 2.76409781905 
270551 0.829418086903 0.23067500000000002 0.828650391525 0.2043 1.8239411229 
404391 0.829264547827 0.32165000000000005 0.827268539843 0.068425 1.44067397604 
411066 0.844771994473 0.348125 0.83525257178 0.2259 1.70368938623 
521183 0.833410102871 0.348425 0.83095347766 0.067725 1.72651932713 
344858 0.839091048672 0.2897 0.820052203286 0.03225 1.84467567215 
317148 0.836787962536 0.26480000000000004 0.828189774298 0.1548 2.23932922133 
173737 0.841547673883 0.1408 0.83525257178 0.09765 1.49997703849 
