333131 0.842622447413 0.30105 0.832335329341 0.013225 7.95821863633 
355521 0.842929525564 0.290225 0.834791954552 0.014475 8.64756562348 
359827 0.843390142791 0.2791 0.834791954552 0.040575 7.72923716814 
548314 0.841854752034 0.3655250000000001 0.838476892369 0.020025000000000005 8.04415557348 
298246 0.83985874405 0.254825 0.829725165055 0.01855 8.38541934951 
99748 0.834638415477 0.09725000000000002 0.83095347766 0.06509999999999999 9.05740162217 
122947 0.84415783817 0.08789999999999999 0.832488868417 0.08415 6.7737473361 
541132 0.829418086903 0.394375 0.828496852449 0.031425 7.48901397559 
270218 0.833410102871 0.24935000000000002 0.835866728082 0.05437500000000001 7.23415159855 
316261 0.84630738523 0.255475 0.838016275142 0.04650000000000001 7.55353130444 
351491 0.840472900353 0.279225 0.835866728082 0.08217500000000001 8.84390851858 
284496 0.829418086903 0.228 0.825733149086 0.112475 8.13477536345 
377316 0.838169814218 0.35137500000000005 0.825733149086 0.020425 8.25812438977 
228682 0.838016275142 0.189375 0.829111008752 0.050725000000000006 8.87637471241 
461260 0.835559649931 0.433225 0.827575617995 0.029025000000000002 7.75252159762 
222898 0.831260555811 0.18384999999999999 0.831260555811 0.10210000000000001 8.23127916973 
466122 0.843697220943 0.3484 0.829264547827 0.018275 8.4892892354 
430777 0.850145862122 0.32302499999999995 0.837402118839 0.043325000000000016 7.32368696715 
548475 0.837248579764 0.42829999999999996 0.82772915707 0.032725 7.32742891651 
225879 0.836480884385 0.19792499999999996 0.835713189007 0.07495 9.04043483897 
155921 0.840472900353 0.133975 0.835866728082 0.087425 7.74284740378 
224451 0.842929525564 0.18635 0.840779978505 0.024225000000000003 8.60456851949 
184599 0.836787962536 0.14995 0.838937509596 0.07550000000000001 7.25477676755 
270551 0.829418086903 0.23067500000000002 0.824504836481 0.04085 8.5613558225 
404391 0.829264547827 0.32165000000000005 0.828496852449 0.08912500000000001 6.69991180307 
411066 0.844771994473 0.348125 0.831567633963 0.01955 8.25163380868 
521183 0.833410102871 0.348425 0.822969445724 0.037250000000000005 8.32143113221 
344858 0.839091048672 0.2897 0.824044219254 0.07675000000000001 7.09888720495 
317148 0.836787962536 0.26480000000000004 0.825272531859 0.026700000000000005 7.28293419328 
173737 0.841547673883 0.1408 0.82987870413 0.1297 7.99174708189 
