333131 0.842622447413 0.30105 0.823583602027 0.11805 3.82826098167 
355521 0.842929525564 0.290225 0.832795946568 0.060175 3.8859104608 
359827 0.843390142791 0.2791 0.838016275142 0.07255 3.68417533445 
548314 0.841854752034 0.3655250000000001 0.840472900353 0.05110000000000001 4.09577531709 
298246 0.83985874405 0.254825 0.829418086903 0.042025 3.72731259425 
99748 0.834638415477 0.09725000000000002 0.831874712114 0.17784999999999995 4.26114108602 
122947 0.84415783817 0.08789999999999999 0.831567633963 0.13442500000000002 3.27596925645 
541132 0.829418086903 0.394375 0.828496852449 0.05485000000000001 3.88080989137 
270218 0.833410102871 0.24935000000000002 0.838323353293 0.08817499999999999 3.75685156768 
316261 0.84630738523 0.255475 0.836941501612 0.057700000000000015 3.75456051431 
351491 0.840472900353 0.279225 0.834791954552 0.11377500000000002 3.96914976453 
284496 0.829418086903 0.228 0.825118992784 0.05535 3.85623490091 
377316 0.838169814218 0.35137500000000005 0.830185782282 0.137625 3.68611736802 
228682 0.838016275142 0.189375 0.83310302472 0.058325 4.06545607653 
461260 0.835559649931 0.433225 0.836173806234 0.042 3.85495937273 
222898 0.831260555811 0.18384999999999999 0.828650391525 0.155425 3.50895525737 
466122 0.843697220943 0.3484 0.839398126823 0.06982500000000001 4.0025328451 
430777 0.850145862122 0.32302499999999995 0.84415783817 0.05525 3.79641261236 
548475 0.837248579764 0.42829999999999996 0.827115000768 0.07085000000000001 3.80860704706 
225879 0.836480884385 0.19792499999999996 0.829418086903 0.06832500000000001 3.63378805184 
155921 0.840472900353 0.133975 0.840779978505 0.15145 4.86441865894 
224451 0.842929525564 0.18635 0.828036235222 0.0924 3.830593003 
184599 0.836787962536 0.14995 0.830185782282 0.1044 5.52440682064 
270551 0.829418086903 0.23067500000000002 0.820819898664 0.10245000000000001 3.74540722399 
404391 0.829264547827 0.32165000000000005 0.828036235222 0.0656 3.95223225415 
411066 0.844771994473 0.348125 0.826807922616 0.04450000000000001 3.70476440162 
521183 0.833410102871 0.348425 0.82772915707 0.053725 3.75131699709 
344858 0.839091048672 0.2897 0.812989405804 0.04682500000000001 3.99048055451 
317148 0.836787962536 0.26480000000000004 0.83202825119 0.027475000000000006 3.91393552766 
173737 0.841547673883 0.1408 0.832795946568 0.0666 4.40631631966 
