333131 0.842622447413 0.30105 0.821894672194 0.0181 4.81058941871 
355521 0.842929525564 0.290225 0.836941501612 0.016325 5.42800417258 
359827 0.843390142791 0.2791 0.837095040688 0.04127499999999999 4.7515449102 
548314 0.841854752034 0.3655250000000001 0.834331337325 0.018600000000000002 4.45749621713 
298246 0.83985874405 0.254825 0.828036235222 0.05505000000000001 4.53150168266 
99748 0.834638415477 0.09725000000000002 0.840626439429 0.135025 5.38415689926 
122947 0.84415783817 0.08789999999999999 0.836941501612 0.139525 4.14269630299 
541132 0.829418086903 0.394375 0.828957469676 0.047025000000000004 5.0236806683 
270218 0.833410102871 0.24935000000000002 0.83525257178 0.0874 4.23380753983 
316261 0.84630738523 0.255475 0.833563641947 0.08592500000000002 4.29435686261 
351491 0.840472900353 0.279225 0.832181790266 0.108125 5.09790478667 
284496 0.829418086903 0.228 0.827268539843 0.09842500000000001 4.55383374842 
377316 0.838169814218 0.35137500000000005 0.8288039306 0.081675 6.09006896684 
228682 0.838016275142 0.189375 0.834638415477 0.06295 5.05158505235 
461260 0.835559649931 0.433225 0.832949485644 0.0316 4.20687171748 
222898 0.831260555811 0.18384999999999999 0.83310302472 0.112375 4.54927181154 
466122 0.843697220943 0.3484 0.841394134807 0.009575 4.53350844565 
430777 0.850145862122 0.32302499999999995 0.838937509596 0.03715 5.54698497528 
548475 0.837248579764 0.42829999999999996 0.832181790266 0.046625 4.22849054391 
225879 0.836480884385 0.19792499999999996 0.836634423461 0.05077500000000001 5.15258878578 
155921 0.840472900353 0.133975 0.836020267158 0.10762500000000001 4.37009049655 
224451 0.842929525564 0.18635 0.842161830186 0.023525 5.02811267928 
184599 0.836787962536 0.14995 0.831721173039 0.109725 4.05276046586 
270551 0.829418086903 0.23067500000000002 0.821587594043 0.06657500000000001 5.84719214873 
404391 0.829264547827 0.32165000000000005 0.828957469676 0.05050000000000001 4.17745398783 
411066 0.844771994473 0.348125 0.829264547827 0.014175 4.27072357231 
521183 0.833410102871 0.348425 0.831567633963 0.03332500000000001 5.07489358454 
344858 0.839091048672 0.2897 0.822662367573 0.08747500000000001 4.3068084346 
317148 0.836787962536 0.26480000000000004 0.826347305389 0.010674999999999999 4.23426066615 
173737 0.841547673883 0.1408 0.830492860433 0.06825 4.42969779363 
