151413 0.853216643636 0.15469999999999998 0.84415783817 0.0077 4.04159572721
35690 0.843390142791 0.034525 0.83202825119 0.007724999999999999 3.57061253852
35531 0.84415783817 0.0275 0.824811914632 2.5e-05 3.85901871297
157660 0.84415783817 0.140525 0.83310302472 0.0008749999999999999 3.99456386034
223902 0.834024259174 0.154525 0.833256563795 0.015375000000000002 3.83296377477
46302 0.824044219254 0.06237500000000001 0.81667434362 0.008525 3.76810873445
29396 0.840779978505 0.006274999999999999 0.841394134807 0.11752500000000002 3.20010816585
72419 0.834331337325 0.06380000000000001 0.824811914632 0.020025000000000005 3.66381236547
191050 0.840319361277 0.146675 0.839091048672 0.011775000000000002 4.07592296376
88541 0.840012283126 0.086175 0.837862736066 0.00685 3.81714697319
22169 0.834945493628 0.026425 0.841394134807 0.043425000000000005 6.00943571936
318210 0.836480884385 0.235675 0.834484876401 0.016425000000000002 3.92934424803
63725 0.848303393214 0.02165 0.843390142791 0.043625000000000004 3.80494355924
323069 0.844925533548 0.2491 0.837862736066 0.00065 4.05547373898
146648 0.838323353293 0.12195 0.831874712114 0.00025 4.10267107912
153837 0.846614463381 0.13355 0.844618455397 0.013300000000000001 4.0611432194
53006 0.846768002457 0.065275 0.832488868417 0.034074999999999994 4.00398225245
25123 0.847535697835 0.02175 0.832949485644 0.054125000000000006 3.3795945036
39365 0.836480884385 0.03445 0.836327345309 0.040175 5.57828143868
282986 0.843543681867 0.21125 0.836480884385 0.00315 4.13867618122
166042 0.840012283126 0.12855 0.841394134807 0.004575 3.88745298537
85663 0.838323353293 0.060700000000000004 0.838937509596 0.0001 3.29518110939
227382 0.839551665899 0.18257500000000002 0.835559649931 0.0029249999999999996 3.96031384246
141909 0.840779978505 0.126025 0.831414094887 0.07185000000000001 4.00358626773
52007 0.83417779825 0.038775 0.83095347766 0.0127 3.77590974214
20140 0.817442038999 0.028600000000000004 0.826654383541 0.012325 4.21553862402
106487 0.84200829111 0.0925 0.83525257178 0.0046 4.32941322711
2054 0.841240595732 0.003775 0.84200829111 0.08157500000000001 1.66697058811
57610 0.835099032704 0.04655 0.830646399509 0.004900000000000001 3.87326278094
161157 0.83525257178 0.11414999999999999 0.831874712114 0.0013750000000000001 4.18416072411 
