151413 0.853216643636 0.15469999999999998 0.849685244895 0.0051 7.57402175892
35690 0.843390142791 0.034525 0.834791954552 0.001725 4.34789873281
35531 0.84415783817 0.0275 0.828343313373 0.00095 7.18269972661
157660 0.84415783817 0.140525 0.83095347766 0.006525 7.0870539433
223902 0.834024259174 0.154525 0.832181790266 0.0225 6.59731908931
46302 0.824044219254 0.06237500000000001 0.822508828497 0.005725 6.17788047241
29396 0.840779978505 0.006274999999999999 0.83878397052 0.004825 6.19742522999
72419 0.834331337325 0.06380000000000001 0.828343313373 0.0001 5.6784261756
191050 0.840319361277 0.146675 0.83525257178 0.0063 6.57886916527
88541 0.840012283126 0.086175 0.837862736066 0.005775 4.44515773586
22169 0.834945493628 0.026425 0.835559649931 0.05232500000000001 9.0876133775
318210 0.836480884385 0.235675 0.836020267158 0.002625 6.34189606406
63725 0.848303393214 0.02165 0.849224627668 0.021974999999999998 5.94316271489
323069 0.844925533548 0.2491 0.840779978505 0.001825 7.42978767215
146648 0.838323353293 0.12195 0.827882696146 0.00025 6.80277662226
153837 0.846614463381 0.13355 0.843850760018 0.007175 7.68481472621
53006 0.846768002457 0.065275 0.835406110855 0.008225 7.21053770747
25123 0.847535697835 0.02175 0.840319361277 0.021900000000000003 6.0610907226
39365 0.836480884385 0.03445 0.841087056656 0.018175 7.78775765377
282986 0.843543681867 0.21125 0.83878397052 0.001925 8.58746462723
166042 0.840012283126 0.12855 0.835866728082 0.0 7.00972407864
85663 0.838323353293 0.060700000000000004 0.836941501612 0.028075000000000003 5.94994667618
227382 0.839551665899 0.18257500000000002 0.829571625979 0.00385 7.52109685882
141909 0.840779978505 0.126025 0.824811914632 0.0 6.62071556468
52007 0.83417779825 0.038775 0.828343313373 0.006750000000000001 6.74520315906
20140 0.817442038999 0.028600000000000004 0.813296483955 0.021525000000000002 8.06483715514
106487 0.84200829111 0.0925 0.836941501612 0.0013 9.17169114476
2054 0.841240595732 0.003775 0.840626439429 0.008375 2.20673096879
57610 0.835099032704 0.04655 0.829264547827 0.0029749999999999998 7.5196317023
161157 0.83525257178 0.11414999999999999 0.832181790266 0.023875 7.04982754611 
