151413 0.853216643636 0.15469999999999998 0.836020267158 0.032650000000000005 4.61339697225
35690 0.843390142791 0.034525 0.833256563795 0.0482 3.27883667099
35531 0.84415783817 0.0275 0.820819898664 0.001875 2.9910423834
157660 0.84415783817 0.140525 0.835866728082 0.027350000000000003 4.05994618951
223902 0.834024259174 0.154525 0.836327345309 0.0040750000000000005 3.58641595688
46302 0.824044219254 0.06237500000000001 0.818977429756 0.08392500000000001 3.13874703686
29396 0.840779978505 0.006274999999999999 0.840319361277 0.0038 3.19335321393
72419 0.834331337325 0.06380000000000001 0.831107016736 0.01925 3.38318453884
191050 0.840319361277 0.146675 0.840472900353 0.0164 3.76112804725
88541 0.840012283126 0.086175 0.843697220943 0.00915 3.18964676891
22169 0.834945493628 0.026425 0.833717181023 0.042 3.01132010681
318210 0.836480884385 0.235675 0.834791954552 0.004375 3.60259798206
63725 0.848303393214 0.02165 0.841701212959 0.02205 3.34504722677
323069 0.844925533548 0.2491 0.843543681867 0.0007250000000000001 3.67977908478
146648 0.838323353293 0.12195 0.828036235222 0.026799999999999997 3.89166414032
153837 0.846614463381 0.13355 0.840165822202 0.011124999999999998 3.70721217612
53006 0.846768002457 0.065275 0.82772915707 0.009725000000000001 3.6194393565
25123 0.847535697835 0.02175 0.834331337325 0.038175 2.67879029347
39365 0.836480884385 0.03445 0.827422078919 0.0023 2.62504491057
282986 0.843543681867 0.21125 0.838937509596 0.00085 3.86606685481
166042 0.840012283126 0.12855 0.839244587748 0.0032499999999999994 3.69473393315
85663 0.838323353293 0.060700000000000004 0.826500844465 0.0019500000000000001 3.95917247107
227382 0.839551665899 0.18257500000000002 0.832795946568 0.023725 3.663755479
141909 0.840779978505 0.126025 0.833717181023 0.16714999999999997 3.596023982
52007 0.83417779825 0.038775 0.831107016736 0.001725 3.28099997626
20140 0.817442038999 0.028600000000000004 0.815906648242 0.10545000000000002 3.18775991694
106487 0.84200829111 0.0925 0.839091048672 0.025900000000000003 3.45171860476
2054 0.841240595732 0.003775 0.839705204975 0.050725000000000006 2.2281540246
57610 0.835099032704 0.04655 0.829264547827 0.0074 2.875987257
161157 0.83525257178 0.11414999999999999 0.828496852449 0.056350000000000004 3.92509431652 
