26945 0.7 0.028125 0.735 0.0101 7.03652336477
30651 0.74 0.018325 0.725 0.012350000000000002 7.16688541097
28204 0.685 0.020025 0.675 0.010025 7.17114515826
22160 0.705 0.017875000000000002 0.72 0.008175 7.45425995447
26472 0.7 0.026225000000000002 0.69 0.011000000000000001 6.36194465163
18949 0.7 0.01685 0.69 0.0125 7.07386531141
64633 0.775 0.034249999999999996 0.775 0.007575000000000001 7.26360053094
79473 0.685 0.0369 0.71 0.009275 7.03412753662
26455 0.7 0.02025 0.705 0.012924999999999999 6.82409890386
32510 0.71 0.019850000000000003 0.715 0.013049999999999999 7.47814742071
18660 0.78 0.012825 0.775 0.006750000000000001 6.70766361969
16790 0.685 0.0191 0.69 0.006999999999999999 7.5772578854
37569 0.695 0.028900000000000006 0.69 0.007975 7.45799066569
35363 0.695 0.026000000000000002 0.695 0.015550000000000001 7.15825999038
25175 0.675 0.0179 0.695 0.0143 7.48900919342
33266 0.75 0.02855 0.745 0.008975 7.15318275238
10467 0.685 0.013175 0.685 0.0086 6.18973626926
33161 0.755 0.023825000000000002 0.745 0.008725 7.51671908409
48409 0.695 0.023000000000000003 0.7 0.015050000000000001 7.51746494456
23334 0.69 0.019074999999999998 0.7 0.0139 7.33655390362
32436 0.74 0.025700000000000004 0.75 0.008025 6.86632815651
30478 0.705 0.024625000000000005 0.725 0.009525 7.13234045492
47873 0.75 0.016625 0.75 0.012225 7.14682049349
25431 0.7 0.017 0.695 0.011125000000000001 6.91088677286
30275 0.72 0.012400000000000001 0.725 0.01275 7.31630702379
10023 0.705 0.015674999999999998 0.71 0.018175 6.17010000055
21484 0.7 0.0166 0.7 0.013675000000000001 7.40504447538
55059 0.755 0.0345 0.755 0.015575 7.35396980094
18796 0.745 0.020650000000000005 0.715 0.014025 6.52438158499
31496 0.685 0.02045 0.695 0.0086 6.79042816535
