26945 0.7 0.028125 0.74 0.014224999999999998 7.21957788441
30651 0.74 0.018325 0.725 0.010825 7.61860764424
28204 0.685 0.020025 0.685 0.013574999999999999 7.34974310632
22160 0.705 0.017875000000000002 0.72 0.009550000000000001 7.73931738573
26472 0.7 0.026225000000000002 0.69 0.010099999999999998 7.14813699247
18949 0.7 0.01685 0.695 0.014225000000000002 7.41165889038
64633 0.775 0.034249999999999996 0.785 0.009275 7.63591812662
79473 0.685 0.0369 0.71 0.009625 7.47856126277
26455 0.7 0.02025 0.705 0.0123 7.32236459871
32510 0.71 0.019850000000000003 0.725 0.012625000000000003 7.67240144973
18660 0.78 0.012825 0.775 0.008825 7.43755762463
16790 0.685 0.0191 0.685 0.005475000000000001 7.66477204294
37569 0.695 0.028900000000000006 0.715 0.013325 7.63942860182
35363 0.695 0.026000000000000002 0.705 0.018574999999999998 7.74992144985
25175 0.675 0.0179 0.705 0.014825 7.57567998995
33266 0.75 0.02855 0.735 0.0131 7.4456244924
10467 0.685 0.013175 0.685 0.008875 6.94925912574
33161 0.755 0.023825000000000002 0.77 0.0118 7.59255215499
48409 0.695 0.023000000000000003 0.695 0.014724999999999999 7.70712991508
23334 0.69 0.019074999999999998 0.7 0.0099 7.75333483887
32436 0.74 0.025700000000000004 0.76 0.014050000000000002 7.32305834563
30478 0.705 0.024625000000000005 0.7 0.01165 7.69388086399
47873 0.75 0.016625 0.745 0.012325 7.70963419687
25431 0.7 0.017 0.695 0.012225000000000001 7.57496129813
30275 0.72 0.012400000000000001 0.72 0.00885 7.98124910912
10023 0.705 0.015674999999999998 0.72 0.022099999999999998 7.06734452953
21484 0.7 0.0166 0.69 0.012200000000000003 7.78389629224
55059 0.755 0.0345 0.76 0.015 7.56163018856
18796 0.745 0.020650000000000005 0.725 0.010675 7.08120707849
31496 0.685 0.02045 0.685 0.0057 7.43551577633
