46961 0.825886688162 0.022250000000000006 0.826040227238 0.016175000000000002 1.04125121131
49135 0.812835866728 0.02 0.813142944879 0.014874999999999998 2.23275644591
37894 0.821741133118 0.021375 0.821741133118 0.01585 1.58361319641
53680 0.826347305389 0.021575 0.825272531859 0.0138 3.01164280422
23980 0.820359281437 0.0192 0.820666359589 0.018150000000000003 0.492212586124
37889 0.812682327652 0.0194 0.813142944879 0.01655 1.14091972431
32795 0.819130968832 0.01985 0.819284507907 0.013525 1.57061724149
51474 0.823737141102 0.018475000000000002 0.824044219254 0.015050000000000001 2.52267128292
38502 0.827115000768 0.0194 0.827115000768 0.01305 3.01733768182
35984 0.82204821127 0.020875000000000005 0.82204821127 0.015475 1.19184055618
48858 0.824658375557 0.022550000000000004 0.824504836481 0.016274999999999998 1.37974475072
44098 0.820205742361 0.021425 0.820512820513 0.01845 1.51927708914
40696 0.816520804545 0.021625000000000002 0.816520804545 0.013525 2.83235395772
35519 0.814217718409 0.01645 0.813603562107 0.014100000000000001 1.70599022338
35316 0.815138952864 0.017275 0.815753109166 0.016325 2.73568354963
50945 0.812221710425 0.021425 0.81206817135 0.014500000000000002 1.69793815174
52498 0.820205742361 0.020099999999999996 0.819591586059 0.0158 3.05927765167
35570 0.808076155382 0.018875000000000003 0.807001381852 0.013025000000000002 2.01119703678
59283 0.818670351604 0.01905 0.818516812529 0.016975000000000004 1.35262334435
40397 0.821587594043 0.01905 0.82204821127 0.0194 1.8937311891
42327 0.81667434362 0.021575 0.816827882696 0.017125 1.21678552473
59134 0.822508828497 0.022024999999999996 0.822201750345 0.012999999999999998 1.90380912947
37277 0.812375249501 0.020725000000000004 0.812375249501 0.021700000000000004 1.76500554645
28112 0.813910640258 0.020300000000000002 0.813910640258 0.020625 1.35153488438
73235 0.818363273453 0.02415 0.818056195302 0.0152 2.71289203928
42601 0.829418086903 0.022424999999999997 0.828957469676 0.012849999999999999 2.7397825971
43542 0.825886688162 0.0225 0.825733149086 0.014975 2.48635203596
28124 0.824197758329 0.020825 0.823890680178 0.019025 1.48238198938
51760 0.814831874712 0.020375 0.815138952864 0.018025 1.88403293234
49097 0.814524796561 0.02145 0.814831874712 0.013300000000000001 2.69497085119
