46961 0.825886688162 0.022250000000000006 0.825886688162 0.017625000000000002 0.29308365375
49135 0.812835866728 0.02 0.812375249501 0.017025000000000002 0.979684602951
37894 0.821741133118 0.021375 0.821894672194 0.017200000000000003 0.224957811836
53680 0.826347305389 0.021575 0.826500844465 0.0142 2.03497269197
23980 0.820359281437 0.0192 0.820512820513 0.017825 1.02374668304
37889 0.812682327652 0.0194 0.812682327652 0.019375 1.10604883534
32795 0.819130968832 0.01985 0.819438046983 0.01975 1.18826637792
51474 0.823737141102 0.018475000000000002 0.823890680178 0.0169 0.317938964206
38502 0.827115000768 0.0194 0.826807922616 0.01585 0.347662486352
35984 0.82204821127 0.020875000000000005 0.822201750345 0.014700000000000001 0.943366498122
48858 0.824658375557 0.022550000000000004 0.824658375557 0.014325000000000001 1.85597856059
44098 0.820205742361 0.021425 0.820359281437 0.018725000000000002 1.80352548189
40696 0.816520804545 0.021625000000000002 0.816520804545 0.01975 0.288336261181
35519 0.814217718409 0.01645 0.814064179334 0.013500000000000002 0.959566730212
35316 0.815138952864 0.017275 0.814524796561 0.015050000000000001 1.16725260072
50945 0.812221710425 0.021425 0.812528788577 0.01645 1.41172034859
52498 0.820205742361 0.020099999999999996 0.820512820513 0.015899999999999997 1.25396825683
35570 0.808076155382 0.018875000000000003 0.808229694457 0.01425 1.40670310433
59283 0.818670351604 0.01905 0.81882389068 0.017349999999999997 1.67001980365
40397 0.821587594043 0.01905 0.82204821127 0.013225 0.26868060797
42327 0.81667434362 0.021575 0.816520804545 0.018199999999999997 0.574906746873
59134 0.822508828497 0.022024999999999996 0.821741133118 0.01795 1.4901368834
37277 0.812375249501 0.020725000000000004 0.812528788577 0.021825 0.295869771181
28112 0.813910640258 0.020300000000000002 0.813910640258 0.020499999999999997 1.28940262423
73235 0.818363273453 0.02415 0.818516812529 0.023150000000000004 1.56630193789
42601 0.829418086903 0.022424999999999997 0.829571625979 0.013875000000000002 1.27936351948
43542 0.825886688162 0.0225 0.826193766314 0.0179 2.09973332565
28124 0.824197758329 0.020825 0.824351297405 0.015125000000000001 1.68110473587
51760 0.814831874712 0.020375 0.815292491939 0.016975 1.57394888744
49097 0.814524796561 0.02145 0.814371257485 0.019325000000000002 1.04955334421
