414999 0.832949485644 0.014375 0.834484876401 0.00605 3.8506680115 
544654 0.825272531859 0.012199999999999999 0.832642407493 0.004575 4.08190843416 
440769 0.83095347766 0.013300000000000001 0.830646399509 0.003 4.07169113073 
263760 0.842929525564 0.0121 0.836634423461 0.014500000000000002 4.07449303705 
1145557 0.830185782282 0.04682500000000001 0.824044219254 0.018125 4.11969821645 
408438 0.838169814218 0.02105 0.838169814218 0.009575 3.8653518406 
864454 0.830646399509 0.01985 0.822969445724 0.004875000000000001 3.98779666112 
314876 0.840779978505 0.008275000000000001 0.842929525564 0.00565 4.01358578544 
384662 0.83525257178 0.016125 0.832642407493 0.010074999999999999 3.96389019863 
623879 0.834331337325 0.035750000000000004 0.833410102871 0.017625 4.20757919992 
278237 0.844464916321 0.0075499999999999986 0.837862736066 0.00385 3.8723985195 
260853 0.836787962536 0.023125 0.836480884385 0.013875000000000002 4.08678268407 
271688 0.833256563795 0.00785 0.832335329341 0.006100000000000001 3.96637801965 
500018 0.836787962536 0.0178 0.831260555811 0.009000000000000001 3.9975841372 
488613 0.842315369261 0.009325 0.833870720098 0.005125000000000001 4.71242993821 
496676 0.829571625979 0.019450000000000002 0.830646399509 0.008450000000000001 4.06679647859 
671786 0.83095347766 0.036699999999999997 0.837862736066 0.015175000000000001 4.11426169394 
390016 0.831874712114 0.025675 0.826654383541 0.013375 4.2227630599 
574311 0.820819898664 0.015149999999999999 0.821894672194 0.0101 3.96276570194 
803798 0.837555657915 0.038825000000000005 0.842929525564 0.006775000000000001 4.06254960239 
531054 0.838323353293 0.0403 0.835866728082 0.010050000000000002 4.00624329205 
714548 0.837709196991 0.025025000000000006 0.833410102871 0.00425 4.10288638906 
528022 0.833717181023 0.014650000000000002 0.831567633963 0.00365 4.11261254537 
348146 0.827882696146 0.00815 0.827268539843 0.004775000000000001 4.1118460636 
385962 0.831414094887 0.012199999999999999 0.833410102871 0.008225 4.04822238309 
553769 0.83878397052 0.018525 0.81099339782 0.0072250000000000005 4.10195675145 
481648 0.830492860433 0.015625 0.838630431445 0.006575 3.99738182245 
626740 0.829111008752 0.01875 0.834484876401 0.002725 4.05113822985 
553810 0.838016275142 0.02305 0.839398126823 0.01855 3.90970806335 
647056 0.840779978505 0.020825000000000003 0.841701212959 0.0027749999999999997 4.03563212173 
