414999 0.832949485644 0.014375 0.82097343774 0.024000000000000004 6.01087149245 
544654 0.825272531859 0.012199999999999999 0.831414094887 0.003275 6.37076985266 
440769 0.83095347766 0.013300000000000001 0.826040227238 0.0030500000000000006 6.56277839 
263760 0.842929525564 0.0121 0.841087056656 0.010625 6.56243394206 
1145557 0.830185782282 0.04682500000000001 0.815753109166 0.010674999999999999 5.98071987935 
408438 0.838169814218 0.02105 0.839551665899 0.032325000000000007 5.95200138445 
864454 0.830646399509 0.01985 0.828650391525 0.00315 5.36090517726 
314876 0.840779978505 0.008275000000000001 0.838323353293 0.006475000000000001 5.78669185834 
384662 0.83525257178 0.016125 0.84308306464 0.009625 5.22171364754 
623879 0.834331337325 0.035750000000000004 0.834945493628 0.020475000000000004 6.63303903012 
278237 0.844464916321 0.0075499999999999986 0.832642407493 0.004525 6.02830074121 
260853 0.836787962536 0.023125 0.835099032704 0.017325 6.08899355256 
271688 0.833256563795 0.00785 0.83095347766 0.0055249999999999995 6.24205403687 
500018 0.836787962536 0.0178 0.829418086903 0.007024999999999999 5.01583201949 
488613 0.842315369261 0.009325 0.833256563795 0.0032 6.34662775424 
496676 0.829571625979 0.019450000000000002 0.827575617995 0.0081 6.48751698261 
671786 0.83095347766 0.036699999999999997 0.826961461692 0.0082 6.02108266877 
390016 0.831874712114 0.025675 0.830339321357 0.011125000000000001 6.58168554745 
574311 0.820819898664 0.015149999999999999 0.827575617995 0.018025 6.21658415202 
803798 0.837555657915 0.038825000000000005 0.843850760018 0.0044 6.39962853975 
531054 0.838323353293 0.0403 0.837402118839 0.014849999999999999 5.15802777358 
714548 0.837709196991 0.025025000000000006 0.832335329341 0.0062 6.2693875337 
528022 0.833717181023 0.014650000000000002 0.833563641947 0.0034750000000000002 5.96531526414 
348146 0.827882696146 0.00815 0.836941501612 0.00615 6.09382810469 
385962 0.831414094887 0.012199999999999999 0.830799938584 0.009575 5.43110360186 
553769 0.83878397052 0.018525 0.812989405804 0.005225 5.77292973592 
481648 0.830492860433 0.015625 0.838937509596 0.006999999999999999 6.08089536358 
626740 0.829111008752 0.01875 0.833563641947 0.00895 6.26210103 
553810 0.838016275142 0.02305 0.840779978505 0.0149 5.82299764881 
647056 0.840779978505 0.020825000000000003 0.831414094887 0.0034000000000000002 7.16507836752 
