414999 0.832949485644 0.014375 0.835099032704 0.005849999999999999 3.24679077967 
544654 0.825272531859 0.012199999999999999 0.831260555811 0.004550000000000001 3.68229526494 
440769 0.83095347766 0.013300000000000001 0.83095347766 0.004 3.44694343866 
263760 0.842929525564 0.0121 0.837555657915 0.022125000000000002 3.35904914117 
1145557 0.830185782282 0.04682500000000001 0.831107016736 0.01935 3.60845320921 
408438 0.838169814218 0.02105 0.835559649931 0.00465 3.28265632941 
864454 0.830646399509 0.01985 0.8231229848 0.00385 3.32365842443 
314876 0.840779978505 0.008275000000000001 0.84415783817 0.00445 3.22110136316 
384662 0.83525257178 0.016125 0.842622447413 0.006325 3.51344984152 
623879 0.834331337325 0.035750000000000004 0.837862736066 0.010700000000000001 3.58605244085 
278237 0.844464916321 0.0075499999999999986 0.836787962536 0.00465 3.4451371802 
260853 0.836787962536 0.023125 0.833256563795 0.00885 3.16698592459 
271688 0.833256563795 0.00785 0.827422078919 0.006475 3.27791238816 
500018 0.836787962536 0.0178 0.83095347766 0.00485 3.15315583204 
488613 0.842315369261 0.009325 0.828957469676 0.0041 3.57815493713 
496676 0.829571625979 0.019450000000000002 0.832795946568 0.008325 3.19352791261 
671786 0.83095347766 0.036699999999999997 0.836173806234 0.0093 3.34920468524 
390016 0.831874712114 0.025675 0.828957469676 0.011475000000000003 3.51931934267 
574311 0.820819898664 0.015149999999999999 0.813142944879 0.021550000000000003 3.26533733828 
803798 0.837555657915 0.038825000000000005 0.844311377246 0.004325 3.31713073777 
531054 0.838323353293 0.0403 0.834945493628 0.00485 3.5472116725 
714548 0.837709196991 0.025025000000000006 0.831414094887 0.008875 3.67846760318 
528022 0.833717181023 0.014650000000000002 0.832181790266 0.0087 3.38646054259 
348146 0.827882696146 0.00815 0.82987870413 0.0066 3.16392122485 
385962 0.831414094887 0.012199999999999999 0.836480884385 0.009024999999999998 3.79475676022 
553769 0.83878397052 0.018525 0.838630431445 0.004050000000000001 3.26808947082 
481648 0.830492860433 0.015625 0.836634423461 0.007775 3.19145757163 
626740 0.829111008752 0.01875 0.833717181023 0.006725 3.44055539737 
553810 0.838016275142 0.02305 0.839551665899 0.004175 2.95385584088 
647056 0.840779978505 0.020825000000000003 0.834638415477 0.00375 3.25019091217 
