414999 0.832949485644 0.014375 0.83417779825 0.0063 2.2120456405 
544654 0.825272531859 0.012199999999999999 0.83310302472 0.005675 2.18066112758 
440769 0.83095347766 0.013300000000000001 0.837402118839 0.0052 2.1506184417 
263760 0.842929525564 0.0121 0.834024259174 0.014325000000000001 2.91974298498 
1145557 0.830185782282 0.04682500000000001 0.822201750345 0.006499999999999999 2.47539909764 
408438 0.838169814218 0.02105 0.83202825119 0.004525 2.79007472587 
864454 0.830646399509 0.01985 0.81882389068 0.004125 2.6651364612 
314876 0.840779978505 0.008275000000000001 0.840012283126 0.006625000000000001 1.9663941129 
384662 0.83525257178 0.016125 0.83985874405 0.012275000000000001 2.69323255089 
623879 0.834331337325 0.035750000000000004 0.836480884385 0.006425000000000001 3.27209020025 
278237 0.844464916321 0.0075499999999999986 0.839244587748 0.006575 1.33369932502 
260853 0.836787962536 0.023125 0.832642407493 0.006375 2.07844070216 
271688 0.833256563795 0.00785 0.824965453708 0.009775 1.57225842134 
500018 0.836787962536 0.0178 0.829571625979 0.004550000000000001 2.52937936728 
488613 0.842315369261 0.009325 0.813910640258 0.003225 2.45517608755 
496676 0.829571625979 0.019450000000000002 0.8231229848 0.01525 1.85354646516 
671786 0.83095347766 0.036699999999999997 0.839551665899 0.017275 2.21936018245 
390016 0.831874712114 0.025675 0.826500844465 0.008975 2.54402317812 
574311 0.820819898664 0.015149999999999999 0.825886688162 0.01205 2.12221138953 
803798 0.837555657915 0.038825000000000005 0.846460924305 0.006750000000000001 2.6168330492 
531054 0.838323353293 0.0403 0.835406110855 0.008475 2.31323756364 
714548 0.837709196991 0.025025000000000006 0.821434054967 0.011025 1.82468821439 
528022 0.833717181023 0.014650000000000002 0.83095347766 0.007899999999999999 2.06319597268 
348146 0.827882696146 0.00815 0.831107016736 0.006075 2.87481666956 
385962 0.831414094887 0.012199999999999999 0.829725165055 0.021275000000000002 2.12262686987 
553769 0.83878397052 0.018525 0.834484876401 0.0030500000000000006 2.74554101406 
481648 0.830492860433 0.015625 0.84200829111 0.011600000000000001 1.78557557968 
626740 0.829111008752 0.01875 0.83417779825 0.005774999999999999 4.30506708222 
553810 0.838016275142 0.02305 0.839551665899 0.0032500000000000003 1.90980527551 
647056 0.840779978505 0.020825000000000003 0.834791954552 0.0022250000000000004 2.13924986818 
