276328 0.828650391525 0.11760000000000001 0.830799938584 0.11465000000000002 2.88582915035 
155651 0.836020267158 0.031974999999999996 0.837402118839 0.03295 2.28791070591 
167715 0.84093351758 0.0482 0.839244587748 0.07287500000000001 2.78374279716 
226768 0.83202825119 0.051025 0.828957469676 0.08705 2.67660147176 
290613 0.835866728082 0.18709999999999996 0.839091048672 0.0641 2.68135252373 
242783 0.826654383541 0.06797500000000001 0.827422078919 0.027350000000000003 3.17913167405 
177665 0.834945493628 0.037200000000000004 0.828189774298 0.1795 2.95011482383 
256586 0.835099032704 0.09052500000000001 0.831414094887 0.032400000000000005 2.2702439466 
270386 0.833256563795 0.18404999999999996 0.836173806234 0.099925 2.88747602535 
312421 0.836787962536 0.10262500000000001 0.833717181023 0.12587500000000001 2.6771210468 
345865 0.81206817135 0.16322499999999998 0.834331337325 0.11625000000000002 2.59259783445 
310174 0.838169814218 0.16464999999999996 0.835713189007 0.16432499999999997 2.76994871068 
94575 0.835713189007 0.017025000000000002 0.836941501612 0.020375000000000004 2.70512842933 
241766 0.829111008752 0.052425000000000006 0.830185782282 0.05625 2.39112174497 
156252 0.825426070935 0.027475 0.833563641947 0.10267500000000002 2.68500679418 
239642 0.834945493628 0.04282500000000001 0.839091048672 0.1312 2.84344455701 
115444 0.83095347766 0.019325 0.835713189007 0.008575 3.05316564643 
240363 0.825426070935 0.14 0.826193766314 0.12745 3.23133807098 
299132 0.839398126823 0.194075 0.831874712114 0.06117500000000001 3.24468820093 
264228 0.823583602027 0.09510000000000002 0.827422078919 0.071875 2.60523652941 
206191 0.833256563795 0.033725 0.829418086903 0.07737500000000001 3.18368322192 
311424 0.83985874405 0.163375 0.843850760018 0.13905 2.6653304338 
167067 0.835713189007 0.0279 0.834945493628 0.14654999999999999 3.13863111782 
157829 0.845539689851 0.054275000000000004 0.846768002457 0.044075 3.58316001527 
196729 0.835713189007 0.06375000000000001 0.832795946568 0.20352499999999998 2.923777143 
399709 0.838630431445 0.27042499999999997 0.837709196991 0.07992500000000001 3.5192845803 
421835 0.835866728082 0.28855 0.834484876401 0.07769999999999999 3.1653026858 
196991 0.837555657915 0.06415000000000001 0.83878397052 0.070425 2.565417631 
167656 0.832795946568 0.054125000000000006 0.84308306464 0.06785000000000001 3.17590042091 
326919 0.839551665899 0.256925 0.839705204975 0.043774999999999994 3.08838268005 
