276328 0.828650391525 0.11760000000000001 0.828036235222 0.030350000000000002 5.44238661051 
155651 0.836020267158 0.031974999999999996 0.825886688162 0.06480000000000001 4.61584674549 
167715 0.84093351758 0.0482 0.840472900353 0.06125 4.28419805329 
226768 0.83202825119 0.051025 0.829264547827 0.05277500000000001 5.88578706813 
290613 0.835866728082 0.18709999999999996 0.837248579764 0.0747 4.46193990202 
242783 0.826654383541 0.06797500000000001 0.827268539843 0.0371 4.28342968087 
177665 0.834945493628 0.037200000000000004 0.832181790266 0.134875 4.61511635189 
256586 0.835099032704 0.09052500000000001 0.840472900353 0.060975 4.41675315492 
270386 0.833256563795 0.18404999999999996 0.838169814218 0.0536 4.29828859194 
312421 0.836787962536 0.10262500000000001 0.841394134807 0.05200000000000001 4.26087078117 
345865 0.81206817135 0.16322499999999998 0.819591586059 0.051800000000000006 4.29768173796 
310174 0.838169814218 0.16464999999999996 0.83417779825 0.023325000000000005 4.29409937132 
94575 0.835713189007 0.017025000000000002 0.837862736066 0.039825000000000006 5.3023464476 
241766 0.829111008752 0.052425000000000006 0.83525257178 0.046525 5.21859933049 
156252 0.825426070935 0.027475 0.836173806234 0.12907500000000002 5.31570449769 
239642 0.834945493628 0.04282500000000001 0.839091048672 0.17015 4.2972526992 
115444 0.83095347766 0.019325 0.83525257178 0.015025 4.75944933386 
240363 0.825426070935 0.14 0.816981421772 0.042300000000000004 4.21581893079 
299132 0.839398126823 0.194075 0.83417779825 0.054500000000000014 4.2781132292 
264228 0.823583602027 0.09510000000000002 0.828189774298 0.10510000000000001 5.93195692583 
206191 0.833256563795 0.033725 0.829725165055 0.08635000000000001 4.45356567544 
311424 0.83985874405 0.163375 0.84308306464 0.043225 4.22051625616 
167067 0.835713189007 0.0279 0.838630431445 0.1416 7.09856609448 
157829 0.845539689851 0.054275000000000004 0.842161830186 0.079475 4.48925264091 
196729 0.835713189007 0.06375000000000001 0.834484876401 0.014199999999999999 4.7926101114 
399709 0.838630431445 0.27042499999999997 0.845386150775 0.0202 4.27552518169 
421835 0.835866728082 0.28855 0.83985874405 0.06685 4.28914936828 
196991 0.837555657915 0.06415000000000001 0.837402118839 0.034375 7.06471909339 
167656 0.832795946568 0.054125000000000006 0.841547673883 0.03225 5.10353025783 
326919 0.839551665899 0.256925 0.834638415477 0.06635 4.28733544022 
