276328 0.828650391525 0.11760000000000001 0.830799938584 0.04112500000000001 3.76750535104 
155651 0.836020267158 0.031974999999999996 0.840012283126 0.06995 3.82250074869 
167715 0.84093351758 0.0482 0.840779978505 0.028175 3.89459248409 
226768 0.83202825119 0.051025 0.834791954552 0.022600000000000002 3.77875904989 
290613 0.835866728082 0.18709999999999996 0.834638415477 0.087025 3.70428579215 
242783 0.826654383541 0.06797500000000001 0.831567633963 0.0925 3.95902914424 
177665 0.834945493628 0.037200000000000004 0.832642407493 0.154575 4.27402786435 
256586 0.835099032704 0.09052500000000001 0.838169814218 0.10210000000000001 3.66188854939 
270386 0.833256563795 0.18404999999999996 0.831107016736 0.024249999999999997 3.84785381702 
312421 0.836787962536 0.10262500000000001 0.83878397052 0.038075 3.63015843226 
345865 0.81206817135 0.16322499999999998 0.835713189007 0.060675 3.82453109522 
310174 0.838169814218 0.16464999999999996 0.832181790266 0.0291 3.80712708256 
94575 0.835713189007 0.017025000000000002 0.835559649931 0.026325 3.97153512855 
241766 0.829111008752 0.052425000000000006 0.832642407493 0.056525000000000006 3.7527534221 
156252 0.825426070935 0.027475 0.827882696146 0.096725 3.84387847286 
239642 0.834945493628 0.04282500000000001 0.834945493628 0.10245000000000001 3.82584358834 
115444 0.83095347766 0.019325 0.837862736066 0.01565 3.68137763996 
240363 0.825426070935 0.14 0.821741133118 0.030599999999999995 3.86452188584 
299132 0.839398126823 0.194075 0.83095347766 0.064625 3.8516863654 
264228 0.823583602027 0.09510000000000002 0.827422078919 0.049625 3.86582130432 
206191 0.833256563795 0.033725 0.833563641947 0.141125 3.86788736602 
311424 0.83985874405 0.163375 0.837709196991 0.080625 3.66382890241 
167067 0.835713189007 0.0279 0.837095040688 0.286725 3.97471451619 
157829 0.845539689851 0.054275000000000004 0.845386150775 0.04625 3.99308960295 
196729 0.835713189007 0.06375000000000001 0.834484876401 0.06965 3.94080108696 
399709 0.838630431445 0.27042499999999997 0.838937509596 0.021675000000000003 3.84607030067 
421835 0.835866728082 0.28855 0.835713189007 0.030725000000000002 3.80168610689 
196991 0.837555657915 0.06415000000000001 0.839551665899 0.08427499999999999 3.67608093465 
167656 0.832795946568 0.054125000000000006 0.845693228927 0.046375 3.91127752924 
326919 0.839551665899 0.256925 0.835406110855 0.05842500000000001 3.88875665455 
