156883 0.843390142791 0.12332500000000002 0.834791954552 0.00125 4.03921046158
139792 0.846460924305 0.11850000000000001 0.825733149086 0.010249999999999999 3.92014712419 
4365 0.828496852449 0.002825 0.824658375557 0.002725 7.50596962021 
167365 0.839244587748 0.10845000000000002 0.830799938584 0.00615 3.95822304201 
29515 0.831874712114 0.025625 0.829418086903 0.0 3.77956257316 
82882 0.837402118839 0.06325000000000001 0.839551665899 0.00615 3.81626962914 
130261 0.830339321357 0.09080000000000002 0.826193766314 0.0020250000000000003 4.08404893635 
36948 0.842468908337 0.022700000000000005 0.842775986489 0.0 3.29195691277 
6196 0.829264547827 0.006424999999999999 0.83095347766 0.0204 2.55602044427 
46121 0.851681252879 0.030449999999999998 0.845693228927 0.0002 3.8370244123 
163337 0.844771994473 0.12085000000000001 0.836480884385 5e-05 3.81691572822 
108253 0.83095347766 0.148125 0.826193766314 0.022975 3.97698014155 
3690 0.831107016736 0.006725 0.831721173039 0.000125 2.02639380476 
7784 0.848149854138 0.0025749999999999996 0.84200829111 0.021275000000000002 2.72134493918 
10711 0.827268539843 0.007625000000000001 0.828189774298 0.0 6.6193414129 
2390 0.835406110855 0.0012 0.833410102871 0.007850000000000001 1.09210614013 
329640 0.832335329341 0.216625 0.828957469676 0.011474999999999999 3.82065642566 
63471 0.844311377246 0.036775 0.830799938584 7.5e-05 9.62286052162 
9676 0.831721173039 0.006375 0.836941501612 0.0 3.46729438752 
9155 0.842775986489 0.0045000000000000005 0.825272531859 0.00030000000000000003 4.38449180847 
71351 0.824658375557 0.058825 0.829571625979 0.00055 3.49735063766 
11184 0.843850760018 0.0060999999999999995 0.832181790266 0.0 9.40349085515 
113108 0.836020267158 0.080675 0.813910640258 0.0013 3.54112007733 
3241 0.842622447413 0.0017 0.828036235222 0.00015 8.0634000783 
5899 0.836941501612 0.0050750000000000005 0.833410102871 0.0 8.34763672003 
39005 0.835406110855 0.049850000000000005 0.825426070935 0.0009 3.3534754838 
97803 0.839244587748 0.07955 0.840626439429 0.01615 3.90747874618 
62211 0.832335329341 0.053275 0.827575617995 0.012349999999999998 3.76478280753 
13510 0.840012283126 0.01145 0.828036235222 0.004825 3.26143289225 
26308 0.847689236911 0.011824999999999999 0.829725165055 0.0 3.52241428126  
