95806 0.837402118839 0.010575 0.838016275142 0.006625 3.56264420257 
91143 0.833717181023 0.0048 0.841701212959 0.020650000000000005 3.69530251397 
149362 0.824811914632 0.026675000000000004 0.818670351604 0.009825 3.75607114242 
101739 0.835713189007 0.0045 0.834945493628 0.02035 3.8954543122 
92232 0.83525257178 0.0066749999999999995 0.82987870413 0.015975000000000003 3.44757970578 
130548 0.841087056656 0.016 0.827422078919 0.0066749999999999995 3.91753037359 
121144 0.829264547827 0.007124999999999999 0.830799938584 0.0062250000000000005 3.52053410111 
133211 0.839705204975 0.0053 0.83202825119 0.021175000000000003 3.55713436072 
107826 0.840779978505 0.008625 0.839705204975 0.0073 3.63446092432 
99593 0.837555657915 0.0094 0.833410102871 0.023250000000000003 3.81150685816 
237278 0.832949485644 0.02365 0.830492860433 0.0173 3.84334437073 
155535 0.842161830186 0.014100000000000001 0.835406110855 0.018349999999999998 3.8708119415 
90439 0.841394134807 0.004275 0.837555657915 0.017575 3.98983828842 
129531 0.838323353293 0.009625 0.837095040688 0.012325 3.59432573972 
141849 0.836327345309 0.009775 0.836787962536 0.005025000000000001 5.05838412966 
129795 0.83525257178 0.009975000000000001 0.840626439429 0.014750000000000001 3.72189498358 
157195 0.810532780593 0.013425 0.830339321357 0.013125 3.83099794989 
104465 0.83878397052 0.004675 0.831414094887 0.010674999999999999 3.47489842712 
100160 0.834484876401 0.0046 0.823583602027 0.0229 3.50232293193 
145349 0.826040227238 0.0164 0.831414094887 0.0161 3.89973840951 
98914 0.836020267158 0.00445 0.84093351758 0.0182 3.59437885362 
104306 0.835713189007 0.006975 0.843390142791 0.013275000000000002 3.62004491942 
90401 0.829111008752 0.005025000000000001 0.829571625979 0.0083 3.62979633819 
103198 0.832335329341 0.006274999999999999 0.834331337325 0.0059499999999999996 3.57122511565 
118369 0.843236603716 0.00605 0.841701212959 0.01775 3.47219575312 
144614 0.830032243206 0.0066749999999999995 0.825733149086 0.015700000000000002 3.80047773232 
110286 0.836634423461 0.006100000000000001 0.830032243206 0.01455 3.74449954809 
121073 0.837862736066 0.007975 0.837709196991 0.014549999999999999 3.9128610196 
151097 0.831107016736 0.010249999999999999 0.822201750345 0.010700000000000003 3.89743857193 
105660 0.831107016736 0.005024999999999999 0.824197758329 0.010525 3.71398494812 
