95806 0.837402118839 0.010575 0.844618455397 0.010925 3.78114399626 
91143 0.833717181023 0.0048 0.841240595732 0.0083 3.79001674443 
149362 0.824811914632 0.026675000000000004 0.836480884385 0.009474999999999999 3.76120007166 
101739 0.835713189007 0.0045 0.832949485644 0.0191 3.86630357983 
92232 0.83525257178 0.0066749999999999995 0.836634423461 0.012525 3.65379025613 
130548 0.841087056656 0.016 0.838169814218 0.01195 3.92703087312 
121144 0.829264547827 0.007124999999999999 0.832642407493 0.009475 3.62758202854 
133211 0.839705204975 0.0053 0.836327345309 0.01555 3.677851283 
107826 0.840779978505 0.008625 0.839551665899 0.010575000000000001 3.69152186157 
99593 0.837555657915 0.0094 0.834945493628 0.030875000000000003 3.83647249373 
237278 0.832949485644 0.02365 0.826961461692 0.01675 3.88981877298 
155535 0.842161830186 0.014100000000000001 0.839244587748 0.0183 3.93992678115 
90439 0.841394134807 0.004275 0.835866728082 0.00825 4.6219578322 
129531 0.838323353293 0.009625 0.840779978505 0.0039250000000000005 3.71061508082 
141849 0.836327345309 0.009775 0.836634423461 0.0072499999999999995 4.06221601506 
129795 0.83525257178 0.009975000000000001 0.835866728082 0.013225 3.82807071329 
157195 0.810532780593 0.013425 0.822662367573 0.016025 3.90936619401 
104465 0.83878397052 0.004675 0.831874712114 0.01205 3.61488350993 
100160 0.834484876401 0.0046 0.822662367573 0.021124999999999998 3.63178945051 
145349 0.826040227238 0.0164 0.831721173039 0.022750000000000003 3.92612867385 
98914 0.836020267158 0.00445 0.838016275142 0.0128 3.67574484845 
104306 0.835713189007 0.006975 0.838630431445 0.01375 3.71125777788 
90401 0.829111008752 0.005025000000000001 0.829571625979 0.00835 3.76835383701 
103198 0.832335329341 0.006274999999999999 0.83417779825 0.007324999999999999 3.83922332296 
118369 0.843236603716 0.00605 0.840012283126 0.00745 3.51634140219 
144614 0.830032243206 0.0066749999999999995 0.827115000768 0.018675 3.8509918315 
110286 0.836634423461 0.006100000000000001 0.82987870413 0.0086 3.8450156069 
121073 0.837862736066 0.007975 0.835406110855 0.01385 4.01431966567 
151097 0.831107016736 0.010249999999999999 0.833563641947 0.01095 3.99228829374 
105660 0.831107016736 0.005024999999999999 0.827882696146 0.008100000000000001 3.82857532151 
