43380 0.826500844465 0.008125 0.826654383541 0.004425 3.87233393682
58769 0.812682327652 0.006975 0.812375249501 0.0051 3.69649521231
47292 0.816981421772 0.005675 0.816827882696 0.005675000000000001 3.7926440582
77544 0.81099339782 0.006575 0.809765085214 0.004875000000000001 4.12130764414
76419 0.813757101182 0.0076 0.814985413788 0.005325 3.60203332905
33555 0.826193766314 0.00625 0.827115000768 0.0060999999999999995 4.13143992406
37123 0.82097343774 0.005475 0.82097343774 0.004050000000000001 3.94816819694
67497 0.817288499923 0.0060999999999999995 0.81774911715 0.0032500000000000003 4.23559656951
39355 0.815446031015 0.005750000000000001 0.815292491939 0.004450000000000001 4.06755086462
37273 0.824658375557 0.00645 0.824658375557 0.004050000000000001 3.90125244523
31321 0.81667434362 0.00615 0.816367265469 0.003725 3.97040204072
39290 0.811454015047 0.005900000000000001 0.811454015047 0.004475 3.5689006758
57511 0.821434054967 0.00605 0.821280515891 0.0038 3.63159058124
44304 0.815138952864 0.005625 0.814524796561 0.006274999999999999 4.21417228647
41597 0.815446031015 0.005575 0.815446031015 0.0044 4.39486204474
53041 0.820819898664 0.00695 0.820052203286 0.005 3.95815450933
55633 0.815753109166 0.007249999999999999 0.817288499923 0.0050750000000000005 3.85336765838
39125 0.821280515891 0.005725 0.820666359589 0.004 3.83426649315
61508 0.820512820513 0.0072250000000000005 0.821434054967 0.00425 3.61374692673
52260 0.818977429756 0.006075 0.819438046983 0.00455 3.92595527195
51251 0.813450023031 0.007949999999999999 0.813142944879 0.00415 3.77833730899
69075 0.816060187318 0.006599999999999999 0.815753109166 0.004200000000000001 4.03973013349
59071 0.81989866421 0.007025 0.819284507907 0.0057 3.61680197526
40961 0.814371257485 0.00655 0.815292491939 0.0044 3.28324762018
46450 0.830339321357 0.00645 0.829725165055 0.004275 3.63042412731
42039 0.819284507907 0.006500000000000001 0.81882389068 0.005325 3.73049077642
33505 0.8231229848 0.006299999999999999 0.823583602027 0.0035250000000000004 4.02115498066
56512 0.816213726393 0.00555 0.814217718409 0.004325000000000001 3.9742866793
72578 0.820512820513 0.0076749999999999995 0.821280515891 0.004175 3.57627043884
29815 0.8231229848 0.005175000000000001 0.823890680178 0.0049499999999999995 3.75830595784
