43380 0.826500844465 0.008125 0.826500844465 0.004375 4.29245338507
58769 0.812682327652 0.006975 0.812682327652 0.004675 3.903092444
47292 0.816981421772 0.005675 0.816981421772 0.00395 3.92843115582
77544 0.81099339782 0.006575 0.809611546138 0.0039250000000000005 4.48411814368
76419 0.813757101182 0.0076 0.814831874712 0.005124999999999999 3.90616549686
33555 0.826193766314 0.00625 0.827268539843 0.004 4.5235477017
37123 0.82097343774 0.005475 0.820205742361 0.00445 4.43062661141
67497 0.817288499923 0.0060999999999999995 0.818209734377 0.003275 5.81954616619
39355 0.815446031015 0.005750000000000001 0.814985413788 0.0037 4.54667440372
37273 0.824658375557 0.00645 0.824965453708 0.00425 4.4575757627
31321 0.81667434362 0.00615 0.816827882696 0.00445 4.15417599826
39290 0.811454015047 0.005900000000000001 0.810532780593 0.005 4.2098657636
57511 0.821434054967 0.00605 0.821126976816 0.0033499999999999997 4.07230065694
44304 0.815138952864 0.005625 0.814524796561 0.0045000000000000005 4.57668205463
41597 0.815446031015 0.005575 0.815906648242 0.0040750000000000005 4.81620475427
53041 0.820819898664 0.00695 0.820205742361 0.00385 4.16191300887
55633 0.815753109166 0.007249999999999999 0.816827882696 0.005024999999999999 4.41725536565
39125 0.821280515891 0.005725 0.821280515891 0.0035000000000000005 4.01620071475
61508 0.820512820513 0.0072250000000000005 0.821280515891 0.0045000000000000005 4.02589230727
52260 0.818977429756 0.006075 0.819591586059 0.00485 4.40849993449
51251 0.813450023031 0.007949999999999999 0.812835866728 0.0035750000000000005 4.06965748278
69075 0.816060187318 0.006599999999999999 0.815753109166 0.0029749999999999998 4.32667500148
59071 0.81989866421 0.007025 0.819284507907 0.00525 4.21757093742
40961 0.814371257485 0.00655 0.815599570091 0.004824999999999999 3.75477816462
46450 0.830339321357 0.00645 0.830185782282 0.003875000000000001 4.05752923227
42039 0.819284507907 0.006500000000000001 0.81882389068 0.004325000000000001 3.91086718887
33505 0.8231229848 0.006299999999999999 0.823430062951 0.00415 4.31997646348
56512 0.816213726393 0.00555 0.814831874712 0.0038250000000000003 4.17382142366
72578 0.820512820513 0.0076749999999999995 0.820819898664 0.004325 3.7805967004
29815 0.8231229848 0.005175000000000001 0.824504836481 0.0037 3.89934821379
