43380 0.826500844465 0.008125 0.826193766314 0.005849999999999999 3.32339781842
58769 0.812682327652 0.006975 0.813142944879 0.006375 2.80573939574
47292 0.816981421772 0.005675 0.81667434362 0.0055000000000000005 2.92044114262
77544 0.81099339782 0.006575 0.810686319668 0.005275000000000001 3.52539504697
76419 0.813757101182 0.0076 0.814371257485 0.00565 3.04086742799
33555 0.826193766314 0.00625 0.826654383541 0.0050500000000000015 3.15910511952
37123 0.82097343774 0.005475 0.820819898664 0.005250000000000001 4.09087715912
67497 0.817288499923 0.0060999999999999995 0.817442038999 0.004699999999999999 3.38346462659
39355 0.815446031015 0.005750000000000001 0.816060187318 0.00505 3.21822979049
37273 0.824658375557 0.00645 0.824811914632 0.0047 2.7528716554
31321 0.81667434362 0.00615 0.816520804545 0.004975 2.86215321794
39290 0.811454015047 0.005900000000000001 0.811761093198 0.005775 2.64474897754
57511 0.821434054967 0.00605 0.821434054967 0.0063 2.71304241023
44304 0.815138952864 0.005625 0.814831874712 0.0055000000000000005 3.05264701109
41597 0.815446031015 0.005575 0.815599570091 0.003725 4.08324630492
53041 0.820819898664 0.00695 0.820819898664 0.005549999999999999 3.29299480741
55633 0.815753109166 0.007249999999999999 0.815599570091 0.0068 3.27005584496
39125 0.821280515891 0.005725 0.821280515891 0.0050750000000000005 3.07223024086
61508 0.820512820513 0.0072250000000000005 0.820666359589 0.005225 3.06523791634
52260 0.818977429756 0.006075 0.818977429756 0.0048 2.88107369459
51251 0.813450023031 0.007949999999999999 0.814217718409 0.00545 3.23623364771
69075 0.816060187318 0.006599999999999999 0.815906648242 0.005600000000000001 2.49021242745
59071 0.81989866421 0.007025 0.819745125134 0.005875 2.87610584018
40961 0.814371257485 0.00655 0.815292491939 0.00475 2.92182904284
46450 0.830339321357 0.00645 0.829725165055 0.005349999999999999 2.52392153287
42039 0.819284507907 0.006500000000000001 0.819130968832 0.00505 2.93900934537
33505 0.8231229848 0.006299999999999999 0.823276523875 0.004625000000000001 2.8825624429
56512 0.816213726393 0.00555 0.814371257485 0.004375 3.47199024753
72578 0.820512820513 0.0076749999999999995 0.82097343774 0.0049499999999999995 2.86326860146
29815 0.8231229848 0.005175000000000001 0.823583602027 0.004475 2.62672116643
