72282 0.889306646025 0.00485 0.89074422205 0.0144
108765 0.886652659516 0.005275 0.886873825058 0.0179
162014 0.889748977109 0.0082 0.890412473737 0.019
208826 0.891186553135 0.0092 0.890412473737 0.0238
129322 0.894172287958 0.00675 0.894504036271 0.0192
183400 0.890523056508 0.0085 0.890854804821 0.014675
131246 0.883114010837 0.0072 0.882892845295 0.0209
188783 0.890191308194 0.0076 0.889417228796 0.019925
132734 0.890633639279 0.007825 0.890854804821 0.0169
130330 0.892181798076 0.00605 0.891960632533 0.021125
143210 0.8870949906 0.0075 0.888090235541 0.025225
80398 0.887758487228 0.005175 0.88797965277 0.0148
125272 0.893398208559 0.00515 0.892513546389 0.0179
119853 0.892402963618 0.006525 0.893177043017 0.01615
128012 0.890854804821 0.00615 0.890854804821 0.024325
117094 0.886873825058 0.00665 0.887537321685 0.023525
112635 0.889196063253 0.00585 0.891075970364 0.01675
195813 0.890080725423 0.009925 0.891407718677 0.02535
136863 0.889527811567 0.005125 0.889859559881 0.017025
103171 0.88886431494 0.0067 0.888311401084 0.013675
141862 0.888753732169 0.007875 0.888643149397 0.0195
130122 0.886984407829 0.006425 0.886431493973 0.022325
107825 0.888200818313 0.00745 0.888421983855 0.0159
180488 0.88797965277 0.008225 0.888421983855 0.0227
132854 0.890191308194 0.00635 0.891739466991 0.013075
124344 0.891407718677 0.00615 0.891186553135 0.015975
117665 0.886873825058 0.006875 0.886763242287 0.021125
179848 0.890191308194 0.007325 0.891297135906 0.018425
134896 0.886763242287 0.007875 0.88797965277 0.023275
101050 0.886652659516 0.00685 0.88797965277 0.01275
