105338 0.735 0.1093 0.735 0.121125
157502 0.695 0.1 0.7 0.13575
47747 0.81 0.063875 0.81 0.0976
95724 0.74 0.088125 0.745 0.10705
100581 0.805 0.084975 0.765 0.097225
169225 0.805 0.099425 0.795 0.113175
192940 0.755 0.12225 0.765 0.129425
101959 0.825 0.109675 0.82 0.123125
76352 0.735 0.067075 0.715 0.0968
79031 0.74 0.088525 0.7 0.115875
47452 0.76 0.0595 0.77 0.0904
107567 0.75 0.088075 0.745 0.126225
144177 0.735 0.10895 0.745 0.1157
125560 0.74 0.097 0.755 0.116425
137531 0.77 0.109425 0.755 0.1117
125847 0.755 0.1065 0.755 0.10855
113588 0.775 0.1075 0.76 0.135075
153187 0.76 0.1022 0.75 0.10505
138440 0.76 0.117 0.725 0.0964
128175 0.775 0.11165 0.75 0.118325
100088 0.8 0.0847 0.81 0.091425
108524 0.785 0.0735 0.78 0.12225
77254 0.795 0.085625 0.765 0.0907
133790 0.755 0.115725 0.745 0.142775
76777 0.77 0.082075 0.785 0.09425
81561 0.78 0.08415 0.775 0.101425
151646 0.76 0.12755 0.785 0.1629
157387 0.775 0.120875 0.765 0.1156
89929 0.78 0.071325 0.765 0.1103
103880 0.745 0.08285 0.77 0.088275
