382513 0.895720446754 0.043225000000000006 0.892513546389 0.007250000000000001 5.50758090429 
475134 0.89804268495 0.04845000000000001 0.886320911202 0.021124999999999998 5.73089879906 
312829 0.900254340374 0.03515000000000001 0.900696671459 0.013000000000000001 5.81062746704 
395159 0.894725201814 0.04800000000000001 0.89350879133 0.0066749999999999995 5.63428207347 
404234 0.900586088687 0.04710000000000001 0.899701426518 0.026150000000000003 5.2581074961 
648500 0.898927347119 0.07460000000000001 0.899037929891 0.0277 5.6865030111 
492935 0.896052195068 0.05102500000000001 0.899148512662 0.008975 5.68018154668 
417454 0.897710936636 0.04925000000000001 0.898595598806 0.027149999999999997 5.83913803124 
389294 0.899480260975 0.04950000000000001 0.898927347119 0.011775 5.90418923768 
483596 0.898706181577 0.049550000000000004 0.894061705186 0.00825 5.69981179267 
407385 0.902355413027 0.04297499999999999 0.898374433263 0.016675 5.62384668456 
491554 0.896162777839 0.049975000000000006 0.893066460245 0.014075000000000002 5.76840778611 
540369 0.89992259206 0.06375 0.898816764348 0.00805 5.90308502292 
509134 0.903129492425 0.06415000000000001 0.898485016035 0.00575 5.70592985534 
533691 0.897047440009 0.05657500000000001 0.89527811567 0.015475000000000001 5.68140949893 
391775 0.899369678204 0.04875000000000001 0.898706181577 0.0171 5.83016048132 
310347 0.89350879133 0.036950000000000004 0.899259095433 0.0075250000000000004 5.2847445381 
251285 0.892955877474 0.030549999999999997 0.895609863983 0.01275 5.59792275017 
570406 0.89527811567 0.057025000000000006 0.901139002543 0.022975000000000002 5.75667389365 
439556 0.897821519407 0.041225000000000005 0.898153267721 0.0398 5.47156260592 
409715 0.894946367356 0.049800000000000004 0.888974897711 0.0113 5.74405135742 
429481 0.887647904456 0.04975 0.899259095433 0.012124999999999999 5.66112457221 
473174 0.899590843747 0.05285 0.895056950127 0.015975000000000003 5.65007623618 
315225 0.896383943382 0.034874999999999996 0.896383943382 0.0167 5.84497068201 
437362 0.900475505916 0.04800000000000001 0.89992259206 0.00835 5.85560787904 
322385 0.898374433263 0.034300000000000004 0.897489771094 0.02245 5.50374905131 
286035 0.891518301449 0.044375 0.885657414575 0.005625 5.85622363652 
431218 0.894504036271 0.05142500000000001 0.898595598806 0.009649999999999999 5.77548008331 
451808 0.900364923145 0.048725000000000004 0.90445648568 0.032 5.82888568251 
375145 0.894282870729 0.041025 0.898485016035 0.010249999999999999 5.66751780579 
