151413 0.853216643636 0.15469999999999998 0.850606479349 0.012200000000000003 4.77288739037
35690 0.843390142791 0.034525 0.832949485644 0.06797500000000001 3.69986673119
35531 0.84415783817 0.0275 0.823890680178 0.000275 3.95484303201
157660 0.84415783817 0.140525 0.832335329341 0.08682500000000001 5.19499552877
223902 0.834024259174 0.154525 0.83417779825 0.041400000000000006 3.91887587475
46302 0.824044219254 0.06237500000000001 0.821280515891 0.025300000000000003 4.03412504316
29396 0.840779978505 0.006274999999999999 0.841394134807 0.01455 3.49961358757
72419 0.834331337325 0.06380000000000001 0.831721173039 0.01705 3.83896201904
191050 0.840319361277 0.146675 0.832181790266 0.01045 4.16492380527
88541 0.840012283126 0.086175 0.839398126823 0.008150000000000001 3.93521044004
22169 0.834945493628 0.026425 0.835099032704 0.021025000000000002 8.82165040228
318210 0.836480884385 0.235675 0.834331337325 0.0182 4.02903625902
63725 0.848303393214 0.02165 0.846768002457 0.018475000000000002 3.93453229818
323069 0.844925533548 0.2491 0.839398126823 0.004200000000000001 4.14989687592
146648 0.838323353293 0.12195 0.831260555811 0.005675000000000001 4.27865057063
153837 0.846614463381 0.13355 0.844925533548 0.013049999999999999 4.1592331585
53006 0.846768002457 0.065275 0.829264547827 0.04220000000000001 4.11665020192
25123 0.847535697835 0.02175 0.833410102871 0.006750000000000001 3.63815823267
39365 0.836480884385 0.03445 0.830339321357 0.0173 4.13166522781
282986 0.843543681867 0.21125 0.838016275142 0.003875 4.87719076983
166042 0.840012283126 0.12855 0.841547673883 0.0 3.996899163
85663 0.838323353293 0.060700000000000004 0.832335329341 0.000125 3.49472447854
227382 0.839551665899 0.18257500000000002 0.830646399509 0.005825 4.19988021584
141909 0.840779978505 0.126025 0.828189774298 0.0033250000000000003 4.08885532701
52007 0.83417779825 0.038775 0.831567633963 0.04365 5.10421203614
20140 0.817442038999 0.028600000000000004 0.810072163366 0.085125 6.84333294
106487 0.84200829111 0.0925 0.836327345309 0.03215 5.63146349167
2054 0.841240595732 0.003775 0.83985874405 0.0516 2.07866267972
57610 0.835099032704 0.04655 0.828036235222 0.0121 5.04916687017
161157 0.83525257178 0.11414999999999999 0.827882696146 0.0050750000000000005 4.2378978576 
