77750 0.765 0.08795000000000001 0.745 0.069 7.97163180459
190316 0.705 0.20292499999999997 0.695 0.16187499999999996 8.47603188415
199309 0.7 0.18585000000000002 0.66 0.049100000000000005 8.38756714126
81038 0.73 0.074075 0.775 0.04540000000000001 8.29620928845
96069 0.71 0.08302499999999999 0.705 0.032275 7.93677306228
211864 0.72 0.193475 0.725 0.029475 8.46437847723
206126 0.72 0.22329999999999997 0.74 0.10865000000000002 8.32302968524
186288 0.765 0.18432499999999996 0.755 0.12272500000000001 8.44192211006
88590 0.7 0.115975 0.68 0.0417 8.34754631241
222699 0.745 0.233675 0.78 0.07175000000000001 8.38336923132
78872 0.73 0.078825 0.755 0.12755 8.24544725385
183443 0.715 0.19920000000000002 0.725 0.1681 8.46757096724
90257 0.725 0.09515000000000001 0.735 0.017799999999999996 8.30300827629
373585 0.775 0.3041 0.76 0.11190000000000001 8.56720958403
93666 0.73 0.10830000000000001 0.755 0.10727500000000002 8.42111246471
233043 0.735 0.23895 0.72 0.14364999999999997 8.49023414494
162453 0.765 0.18012499999999998 0.78 0.106925 8.37803842838
143943 0.735 0.16135 0.72 0.110875 8.45627738274
79501 0.75 0.08129999999999998 0.76 0.02965 8.3913019409
312955 0.75 0.28497500000000003 0.74 0.1419 8.49191376747
149783 0.735 0.1808 0.755 0.2008 8.37897409654
105592 0.7 0.11517500000000001 0.68 0.10492500000000002 8.25045275112
171568 0.73 0.1834 0.725 0.12812500000000002 8.4820010884
282666 0.74 0.209425 0.705 0.152975 8.33310703374
203600 0.74 0.159675 0.76 0.066625 8.40476742965
142181 0.72 0.15447499999999997 0.68 0.09084999999999999 8.41843329245
127272 0.775 0.134725 0.755 0.10350000000000001 8.47504530412
242831 0.79 0.2212 0.765 0.09355000000000001 8.35756973795
103202 0.765 0.125075 0.725 0.010549999999999999 8.37990342488
162081 0.715 0.18164999999999998 0.71 0.13265000000000002 8.44632225869
