77750 0.765 0.08795000000000001 0.745 0.1474 7.06070537682
190316 0.705 0.20292499999999997 0.705 0.12865000000000001 7.70099989503
199309 0.7 0.18585000000000002 0.66 0.074725 7.45774229415
81038 0.73 0.074075 0.775 0.046525 7.62017308106
96069 0.71 0.08302499999999999 0.7 0.06942500000000001 6.73675820032
211864 0.72 0.193475 0.72 0.037375000000000005 7.65559059718
206126 0.72 0.22329999999999997 0.725 0.059400000000000015 7.35570236576
186288 0.765 0.18432499999999996 0.735 0.13135 7.73470305085
88590 0.7 0.115975 0.685 0.06872500000000001 7.72622333549
222699 0.745 0.233675 0.74 0.07122500000000001 7.42084019801
78872 0.73 0.078825 0.72 0.113875 7.41096950812
183443 0.715 0.19920000000000002 0.735 0.067 7.70802882888
90257 0.725 0.09515000000000001 0.74 0.0301 7.45542938082
373585 0.775 0.3041 0.79 0.132525 7.59690534201
93666 0.73 0.10830000000000001 0.75 0.04105 7.04173119741
233043 0.735 0.23895 0.705 0.129525 7.78590833374
162453 0.765 0.18012499999999998 0.775 0.10930000000000001 7.57751238958
143943 0.735 0.16135 0.715 0.0748 7.53881218956
79501 0.75 0.08129999999999998 0.73 0.026350000000000002 7.73076160642
312955 0.75 0.28497500000000003 0.745 0.10065000000000002 7.55200570169
149783 0.735 0.1808 0.76 0.16285 7.32854790635
105592 0.7 0.11517500000000001 0.735 0.10967500000000001 7.12635793568
171568 0.73 0.1834 0.765 0.23 7.70210291217
282666 0.74 0.209425 0.73 0.13940000000000002 7.47402275703
203600 0.74 0.159675 0.745 0.12302500000000002 7.33725240195
142181 0.72 0.15447499999999997 0.705 0.1209 7.45533650738
127272 0.775 0.134725 0.76 0.11914999999999999 7.86811845646
242831 0.79 0.2212 0.76 0.0874 7.17003466871
103202 0.765 0.125075 0.755 0.032575 7.3649602484
162081 0.715 0.18164999999999998 0.705 0.10227500000000003 7.48099466019
