77750 0.765 0.08795000000000001 0.715 0.143375 6.3248585075
190316 0.705 0.20292499999999997 0.68 0.06677500000000001 7.40402224597
199309 0.7 0.18585000000000002 0.685 0.09127500000000001 7.02636192741
81038 0.73 0.074075 0.725 0.07892500000000001 7.17706445892
96069 0.71 0.08302499999999999 0.71 0.124725 5.58319819446
211864 0.72 0.193475 0.74 0.026025 7.40385207929
206126 0.72 0.22329999999999997 0.725 0.127025 6.63853022669
186288 0.765 0.18432499999999996 0.755 0.11162500000000002 6.49577907888
88590 0.7 0.115975 0.685 0.13485 7.01849508837
222699 0.745 0.233675 0.77 0.12775 7.42505069088
78872 0.73 0.078825 0.735 0.100425 6.49155663844
183443 0.715 0.19920000000000002 0.73 0.0403 6.87589057122
90257 0.725 0.09515000000000001 0.735 0.0675 7.54034606545
373585 0.775 0.3041 0.765 0.12005000000000003 7.17589826463
93666 0.73 0.10830000000000001 0.705 0.11852500000000003 6.15292616258
233043 0.735 0.23895 0.73 0.108575 6.91695303565
162453 0.765 0.18012499999999998 0.765 0.12869999999999998 7.01071028017
143943 0.735 0.16135 0.755 0.17765 6.95099210492
79501 0.75 0.08129999999999998 0.77 0.06422500000000002 7.6220139614
312955 0.75 0.28497500000000003 0.74 0.08615000000000002 6.82288522313
149783 0.735 0.1808 0.745 0.147525 6.8056150034
105592 0.7 0.11517500000000001 0.74 0.19774999999999998 7.20632126421
171568 0.73 0.1834 0.72 0.05357500000000001 7.30515283233
282666 0.74 0.209425 0.745 0.10845 6.80350037846
203600 0.74 0.159675 0.755 0.11520000000000001 6.19107718827
142181 0.72 0.15447499999999997 0.72 0.0809 7.10472215317
127272 0.775 0.134725 0.71 0.0281 6.96496350809
242831 0.79 0.2212 0.74 0.0484 6.73641663767
103202 0.765 0.125075 0.74 0.05902500000000001 6.87651520174
162081 0.715 0.18164999999999998 0.725 0.125625 6.97310588732
