77750 0.765 0.08795000000000001 0.755 0.15897499999999998 6.18794440854
190316 0.705 0.20292499999999997 0.69 0.14515 6.31979754032
199309 0.7 0.18585000000000002 0.675 0.047625 6.82566743463
81038 0.73 0.074075 0.73 0.0582 6.50210432101
96069 0.71 0.08302499999999999 0.73 0.065825 5.6490010304
211864 0.72 0.193475 0.715 0.05340000000000001 6.56606499208
206126 0.72 0.22329999999999997 0.725 0.17504999999999998 6.14334167592
186288 0.765 0.18432499999999996 0.75 0.17804999999999999 6.42275424173
88590 0.7 0.115975 0.69 0.18784999999999996 6.39503679578
222699 0.745 0.233675 0.745 0.12885000000000002 6.53929134968
78872 0.73 0.078825 0.745 0.05710000000000001 5.46787848276
183443 0.715 0.19920000000000002 0.72 0.158875 6.84961364427
90257 0.725 0.09515000000000001 0.705 0.015525 6.33539830331
373585 0.775 0.3041 0.79 0.081 6.61414828259
93666 0.73 0.10830000000000001 0.735 0.11305 5.73171553435
233043 0.735 0.23895 0.73 0.09752500000000001 7.14233396317
162453 0.765 0.18012499999999998 0.76 0.17489999999999997 5.95829525301
143943 0.735 0.16135 0.72 0.13392500000000002 6.29293384218
79501 0.75 0.08129999999999998 0.775 0.09144999999999999 6.30713327145
312955 0.75 0.28497500000000003 0.745 0.11462500000000002 6.48930579727
149783 0.735 0.1808 0.735 0.215775 5.37218157282
105592 0.7 0.11517500000000001 0.71 0.11032500000000002 6.11558971321
171568 0.73 0.1834 0.735 0.074175 6.02446549428
282666 0.74 0.209425 0.7 0.130875 6.76268308113
203600 0.74 0.159675 0.76 0.09022499999999999 6.4180713015
142181 0.72 0.15447499999999997 0.695 0.085075 6.74024193504
127272 0.775 0.134725 0.725 0.048725000000000004 6.50716702855
242831 0.79 0.2212 0.765 0.06582500000000001 6.6197511036
103202 0.765 0.125075 0.72 0.07135000000000001 5.82402911065
162081 0.715 0.18164999999999998 0.715 0.15455 6.23291371776
