382513 0.895720446754 0.043225000000000006 0.897932102178 0.012349999999999998 5.62753570176 
475134 0.89804268495 0.04845000000000001 0.894504036271 0.023550000000000005 5.74788091237 
312829 0.900254340374 0.03515000000000001 0.898374433263 0.004825 5.87323788422 
395159 0.894725201814 0.04800000000000001 0.896605108924 0.02 5.71102040419 
404234 0.900586088687 0.04710000000000001 0.898706181577 0.015300000000000001 5.4916784388 
648500 0.898927347119 0.07460000000000001 0.894061705186 0.0337 5.78167945169 
492935 0.896052195068 0.05102500000000001 0.897047440009 0.00785 5.71368396302 
417454 0.897710936636 0.04925000000000001 0.895941612297 0.020025 5.91347630676 
389294 0.899480260975 0.04950000000000001 0.897710936636 0.008325 5.84954663332 
483596 0.898706181577 0.049550000000000004 0.900033174831 0.012599999999999998 5.61208276854 
407385 0.902355413027 0.04297499999999999 0.892402963618 0.011850000000000001 5.77313665711 
491554 0.896162777839 0.049975000000000006 0.893840539644 0.012974999999999999 5.90715936475 
540369 0.89992259206 0.06375 0.896162777839 0.0079 5.99166008026 
509134 0.903129492425 0.06415000000000001 0.897932102178 0.005275000000000001 5.69839144072 
533691 0.897047440009 0.05657500000000001 0.89992259206 0.036000000000000004 5.71318329857 
391775 0.899369678204 0.04875000000000001 0.897268605551 0.01255 5.91608107766 
310347 0.89350879133 0.036950000000000004 0.897821519407 0.0089 5.49540839343 
251285 0.892955877474 0.030549999999999997 0.897821519407 0.022775 5.76298098297 
570406 0.89527811567 0.057025000000000006 0.900917837001 0.024425 5.78358892676 
439556 0.897821519407 0.041225000000000005 0.896605108924 0.046775000000000004 5.51819230191 
409715 0.894946367356 0.049800000000000004 0.893840539644 0.015625 5.83412635333 
429481 0.887647904456 0.04975 0.900586088687 0.009825 5.75405755149 
473174 0.899590843747 0.05285 0.898485016035 0.0092 5.80831226473 
315225 0.896383943382 0.034874999999999996 0.894725201814 0.014150000000000001 5.86820139526 
437362 0.900475505916 0.04800000000000001 0.900033174831 0.013550000000000001 5.8364893386 
322385 0.898374433263 0.034300000000000004 0.900143757603 0.023600000000000003 5.69764622505 
286035 0.891518301449 0.044375 0.882561096981 0.014424999999999999 5.87165614447 
431218 0.894504036271 0.05142500000000001 0.896494526153 0.008899999999999998 5.86491636047 
451808 0.900364923145 0.048725000000000004 0.904014154595 0.028125 5.87370546459 
375145 0.894282870729 0.041025 0.895167532898 0.013675 5.76918229811 
