382513 0.895720446754 0.043225000000000006 0.896383943382 0.007574999999999999 6.04936316808 
475134 0.89804268495 0.04845000000000001 0.897379188322 0.013175 6.1374468269 
312829 0.900254340374 0.03515000000000001 0.895056950127 0.006375 6.1258733161 
395159 0.894725201814 0.04800000000000001 0.892624129161 0.009625 6.08146883711 
404234 0.900586088687 0.04710000000000001 0.898153267721 0.006625000000000001 6.05616716763 
648500 0.898927347119 0.07460000000000001 0.89527811567 0.022949999999999998 6.14277672769 
492935 0.896052195068 0.05102500000000001 0.899037929891 0.0066749999999999995 6.15484925347 
417454 0.897710936636 0.04925000000000001 0.894504036271 0.026375000000000003 6.19988350147 
389294 0.899480260975 0.04950000000000001 0.898263850492 0.0081 6.13706860654 
483596 0.898706181577 0.049550000000000004 0.896605108924 0.010625 6.11371261588 
407385 0.902355413027 0.04297499999999999 0.898706181577 0.010074999999999999 6.17585585746 
491554 0.896162777839 0.049975000000000006 0.892071215305 0.01355 6.17388261257 
540369 0.89992259206 0.06375 0.902355413027 0.0175 6.19822942194 
509134 0.903129492425 0.06415000000000001 0.902134247484 0.014074999999999999 6.12635534962 
533691 0.897047440009 0.05657500000000001 0.90080725423 0.011575 6.19516849933 
391775 0.899369678204 0.04875000000000001 0.898153267721 0.014675 6.15844062688 
310347 0.89350879133 0.036950000000000004 0.894614619042 0.011850000000000001 5.80946671899 
251285 0.892955877474 0.030549999999999997 0.89715802278 0.025849999999999998 6.12608690885 
570406 0.89527811567 0.057025000000000006 0.902134247484 0.01895 6.15527531787 
439556 0.897821519407 0.041225000000000005 0.901802499171 0.0354 5.87485726985 
409715 0.894946367356 0.049800000000000004 0.895167532898 0.01605 6.13208706786 
429481 0.887647904456 0.04975 0.900364923145 0.0159 6.1445182824 
473174 0.899590843747 0.05285 0.897600353865 0.01665 6.14158263651 
315225 0.896383943382 0.034874999999999996 0.895056950127 0.031400000000000004 6.16523791892 
437362 0.900475505916 0.04800000000000001 0.900586088687 0.0105 6.15332152656 
322385 0.898374433263 0.034300000000000004 0.894946367356 0.016625 5.93893204167 
286035 0.891518301449 0.044375 0.894835784585 0.009525 6.17326441585 
431218 0.894504036271 0.05142500000000001 0.893066460245 0.012175000000000002 6.14027960486 
451808 0.900364923145 0.048725000000000004 0.905009399536 0.019424999999999998 6.18028087965 
375145 0.894282870729 0.041025 0.901139002543 0.017825 6.10804681162 
