382513 0.895720446754 0.043225000000000006 0.899037929891 0.01635 5.12631595413 
475134 0.89804268495 0.04845000000000001 0.898485016035 0.018525 5.18432265878 
312829 0.900254340374 0.03515000000000001 0.8943934535 0.011425000000000001 4.84328666785 
395159 0.894725201814 0.04800000000000001 0.892513546389 0.008150000000000001 5.02675414828 
404234 0.900586088687 0.04710000000000001 0.899480260975 0.015150000000000002 4.61358034696 
648500 0.898927347119 0.07460000000000001 0.892402963618 0.018475000000000002 4.84389108576 
492935 0.896052195068 0.05102500000000001 0.897821519407 0.007975000000000001 5.09628719855 
417454 0.897710936636 0.04925000000000001 0.89715802278 0.010825 5.0256919843 
389294 0.899480260975 0.04950000000000001 0.898263850492 0.009550000000000001 5.56183486269 
483596 0.898706181577 0.049550000000000004 0.894614619042 0.011075000000000002 4.81088197932 
407385 0.902355413027 0.04297499999999999 0.895941612297 0.031475 4.94770629772 
491554 0.896162777839 0.049975000000000006 0.896383943382 0.0172 5.13019394752 
540369 0.89992259206 0.06375 0.90445648568 0.015 5.51201973704 
509134 0.903129492425 0.06415000000000001 0.898153267721 0.0062 5.45150936434 
533691 0.897047440009 0.05657500000000001 0.901802499171 0.0178 4.99325419524 
391775 0.899369678204 0.04875000000000001 0.898263850492 0.010775000000000002 5.29295361786 
310347 0.89350879133 0.036950000000000004 0.896826274466 0.01115 4.42484045233 
251285 0.892955877474 0.030549999999999997 0.89804268495 0.0123 4.53731711227 
570406 0.89527811567 0.057025000000000006 0.900254340374 0.008525 5.59583691656 
439556 0.897821519407 0.041225000000000005 0.89627336061 0.02885 4.45005028047 
409715 0.894946367356 0.049800000000000004 0.892513546389 0.013450000000000002 5.21653646099 
429481 0.887647904456 0.04975 0.898485016035 0.011699999999999999 4.93445288991 
473174 0.899590843747 0.05285 0.896936857238 0.0154 5.21648928307 
315225 0.896383943382 0.034874999999999996 0.896936857238 0.020075 5.27196623338 
437362 0.900475505916 0.04800000000000001 0.900364923145 0.016975 4.97401291717 
322385 0.898374433263 0.034300000000000004 0.898816764348 0.01755 5.1263932684 
286035 0.891518301449 0.044375 0.884662169634 0.016825 4.88215632116 
431218 0.894504036271 0.05142500000000001 0.896494526153 0.015700000000000002 5.16260990002 
451808 0.900364923145 0.048725000000000004 0.905009399536 0.014325 5.40862786224 
375145 0.894282870729 0.041025 0.89527811567 0.022099999999999998 5.41145597004 
