382513 0.895720446754 0.043225000000000006 0.897047440009 0.02075 5.43490933201 
475134 0.89804268495 0.04845000000000001 0.887758487228 0.016825 5.72856813814 
312829 0.900254340374 0.03515000000000001 0.902023664713 0.014975 5.76744270683 
395159 0.894725201814 0.04800000000000001 0.892845294703 0.0059 5.46615588241 
404234 0.900586088687 0.04710000000000001 0.900033174831 0.009075 5.21262950549 
648500 0.898927347119 0.07460000000000001 0.892845294703 0.028950000000000004 5.60007752346 
492935 0.896052195068 0.05102500000000001 0.898485016035 0.015149999999999999 5.3506039972 
417454 0.897710936636 0.04925000000000001 0.897600353865 0.022350000000000002 5.75692854025 
389294 0.899480260975 0.04950000000000001 0.898263850492 0.01095 5.6791876762 
483596 0.898706181577 0.049550000000000004 0.893287625788 0.008199999999999999 5.19843981575 
407385 0.902355413027 0.04297499999999999 0.892181798076 0.011525 5.61408344185 
491554 0.896162777839 0.049975000000000006 0.894725201814 0.0181 5.78242384588 
540369 0.89992259206 0.06375 0.898927347119 0.017475 5.78099150687 
509134 0.903129492425 0.06415000000000001 0.897489771094 0.006875 5.51214635576 
533691 0.897047440009 0.05657500000000001 0.897489771094 0.028650000000000002 5.39373683563 
391775 0.899369678204 0.04875000000000001 0.898927347119 0.012549999999999999 5.76974909359 
310347 0.89350879133 0.036950000000000004 0.897489771094 0.007775000000000001 5.07059085034 
251285 0.892955877474 0.030549999999999997 0.896052195068 0.012199999999999999 5.25372215297 
570406 0.89527811567 0.057025000000000006 0.89992259206 0.019375 5.64841077722 
439556 0.897821519407 0.041225000000000005 0.895056950127 0.0541 5.39858814682 
409715 0.894946367356 0.049800000000000004 0.892513546389 0.023675 5.42369132441 
429481 0.887647904456 0.04975 0.89992259206 0.0169 5.55600651597 
473174 0.899590843747 0.05285 0.898485016035 0.017150000000000002 5.04342408417 
315225 0.896383943382 0.034874999999999996 0.895388698441 0.0132 5.44917387951 
437362 0.900475505916 0.04800000000000001 0.896826274466 0.011750000000000003 5.62564310899 
322385 0.898374433263 0.034300000000000004 0.896715691695 0.022525 5.1248528326 
286035 0.891518301449 0.044375 0.887869069999 0.008674999999999999 5.6737683414 
431218 0.894504036271 0.05142500000000001 0.894725201814 0.012675 5.29793839792 
451808 0.900364923145 0.048725000000000004 0.899369678204 0.011049999999999999 5.86709186043 
375145 0.894282870729 0.041025 0.896936857238 0.015950000000000002 5.71211190832 
