382513 0.895720446754 0.043225000000000006 0.897932102178 0.00805 3.56169678961 
475134 0.89804268495 0.04845000000000001 0.890080725423 0.03270000000000001 2.98896296062 
312829 0.900254340374 0.03515000000000001 0.898927347119 0.017475 3.97907999933 
395159 0.894725201814 0.04800000000000001 0.897379188322 0.042775 3.36019130404 
404234 0.900586088687 0.04710000000000001 0.894946367356 0.0213 3.63632821693 
648500 0.898927347119 0.07460000000000001 0.896605108924 0.011300000000000001 3.13878501423 
492935 0.896052195068 0.05102500000000001 0.898374433263 0.019975 3.02283384218 
417454 0.897710936636 0.04925000000000001 0.8943934535 0.016275 3.86928431086 
389294 0.899480260975 0.04950000000000001 0.89804268495 0.025450000000000004 3.41114357706 
483596 0.898706181577 0.049550000000000004 0.894061705186 0.013225 2.5306334337 
407385 0.902355413027 0.04297499999999999 0.896383943382 0.0321 4.26664914573 
491554 0.896162777839 0.049975000000000006 0.890412473737 0.024125 4.07911777454 
540369 0.89992259206 0.06375 0.902023664713 0.0263 3.58833194266 
509134 0.903129492425 0.06415000000000001 0.899037929891 0.01455 3.73574800437 
533691 0.897047440009 0.05657500000000001 0.899480260975 0.028075000000000006 4.43485150882 
391775 0.899369678204 0.04875000000000001 0.895056950127 0.01845 4.27325417908 
310347 0.89350879133 0.036950000000000004 0.897932102178 0.0127 3.53478044874 
251285 0.892955877474 0.030549999999999997 0.890854804821 0.013625 2.40113538942 
570406 0.89527811567 0.057025000000000006 0.899812009289 0.015025 3.53505069897 
439556 0.897821519407 0.041225000000000005 0.897489771094 0.0088 3.48940379247 
409715 0.894946367356 0.049800000000000004 0.893177043017 0.022975 3.34283495081 
429481 0.887647904456 0.04975 0.901360168086 0.016075 3.56561477784 
473174 0.899590843747 0.05285 0.899259095433 0.024125 3.92735853354 
315225 0.896383943382 0.034874999999999996 0.900143757603 0.030450000000000005 3.47659089831 
437362 0.900475505916 0.04800000000000001 0.905009399536 0.0167 4.63327481222 
322385 0.898374433263 0.034300000000000004 0.89627336061 0.022775 3.07656597711 
286035 0.891518301449 0.044375 0.879354196616 0.015450000000000002 3.76083795711 
431218 0.894504036271 0.05142500000000001 0.896826274466 0.011025 2.86208375934 
451808 0.900364923145 0.048725000000000004 0.906115227248 0.027125000000000003 3.38138074664 
375145 0.894282870729 0.041025 0.889638394338 0.004975 3.55062795235 
