112499 0.890412473737 0.0063999999999999994 0.890301890965 0.0021750000000000003 5.71860008368
131597 0.887869069999 0.006500000000000001 0.886984407829 0.0019 5.80315853321
111159 0.889970142652 0.006599999999999999 0.889196063253 0.00285 5.83408763811 
122965 0.895056950127 0.006525 0.893729956873 0.0017250000000000002 5.80363024331 
117782 0.891186553135 0.0062250000000000005 0.890854804821 0.00285 5.77985937395 
130286 0.883003428066 0.00545 0.883224593608 0.00335 5.76877100106 
102548 0.889748977109 0.00625 0.889085480482 0.002375 5.94310476648 
122181 0.889748977109 0.006625 0.890412473737 0.0026 5.82192422682 
212237 0.888090235541 0.010474999999999998 0.888090235541 0.0016250000000000001 5.77599792721 
97562 0.888532566626 0.005175000000000001 0.886431493973 0.0023250000000000002 5.86607710675 
115872 0.885325666261 0.006099999999999999 0.883445759151 0.0027 5.69863412852 
138206 0.889085480482 0.006725 0.888974897711 0.00255 5.70937564999 
133877 0.890301890965 0.0072250000000000005 0.888974897711 0.00315 5.69373943827 
93389 0.887758487228 0.006599999999999999 0.887537321685 0.004025 5.70858715798 
155749 0.889970142652 0.007375 0.887758487228 0.001375 5.79785500557 
143251 0.889859559881 0.007875 0.888753732169 0.0019 5.82895636965 
109913 0.892955877474 0.0067 0.893951122415 0.0026 5.77524832109 
111408 0.888532566626 0.006924999999999999 0.887426738914 0.00185 5.82126098562 
130970 0.888200818313 0.006975 0.888311401084 0.0019 5.87046335645 
112273 0.887316156143 0.007675 0.888200818313 0.003175 5.82929479424 
110487 0.891297135906 0.0067 0.891850049762 0.002575 5.76777555932 
154362 0.887758487228 0.007324999999999999 0.886542076744 0.0013750000000000001 5.85739509633 
147833 0.886984407829 0.00835 0.886984407829 0.0028000000000000004 5.77407474655 
113180 0.8870949906 0.005549999999999999 0.887426738914 0.0016749999999999998 5.81524388678 
100076 0.890523056508 0.005 0.892071215305 0.003425 5.89205367086 
100253 0.889748977109 0.005875000000000002 0.888090235541 0.00285 5.76059291338 
85261 0.89074422205 0.0049250000000000006 0.89074422205 0.00165 5.82152611196 
128762 0.891186553135 0.007175 0.890633639279 0.003175 5.7982026963 
171963 0.884109255778 0.008 0.884441004092 0.002075 5.86372437925 
118138 0.889970142652 0.006625 0.888643149397 0.0025 5.79629205362 
