112499 0.890412473737 0.0063999999999999994 0.889970142652 0.002625 5.34048404488
131597 0.887869069999 0.006500000000000001 0.887537321685 0.003275 5.5009807826
111159 0.889970142652 0.006599999999999999 0.890080725423 0.0029250000000000005 5.43277399622 
122965 0.895056950127 0.006525 0.8943934535 0.0022500000000000003 5.4429723512 
117782 0.891186553135 0.0062250000000000005 0.890633639279 0.0045000000000000005 5.39603700214 
130286 0.883003428066 0.00545 0.883114010837 0.004200000000000001 5.4021578972 
102548 0.889748977109 0.00625 0.889196063253 0.0024749999999999998 5.55551293183 
122181 0.889748977109 0.006625 0.890965387593 0.002575 5.55734127296 
212237 0.888090235541 0.010474999999999998 0.888753732169 0.0034999999999999996 5.44581595468 
97562 0.888532566626 0.005175000000000001 0.887205573372 0.00375 5.2304143102 
115872 0.885325666261 0.006099999999999999 0.884109255778 0.003225 4.92000116768 
138206 0.889085480482 0.006725 0.889196063253 0.0022500000000000003 5.40641791738 
133877 0.890301890965 0.0072250000000000005 0.889306646025 0.003775 5.35430748639 
93389 0.887758487228 0.006599999999999999 0.888090235541 0.00365 5.34107782263 
155749 0.889970142652 0.007375 0.888643149397 0.0029249999999999996 5.37625177489 
143251 0.889859559881 0.007875 0.888643149397 0.0032499999999999994 5.45125590997 
109913 0.892955877474 0.0067 0.892734711932 0.0032000000000000006 5.19644980284 
111408 0.888532566626 0.006924999999999999 0.887647904456 0.0023 5.52691401067 
130970 0.888200818313 0.006975 0.888532566626 0.00285 5.40023957409 
112273 0.887316156143 0.007675 0.888090235541 0.003425 5.47636471115 
110487 0.891297135906 0.0067 0.891518301449 0.004075 4.95912586661 
154362 0.887758487228 0.007324999999999999 0.886763242287 0.001775 5.38133996403 
147833 0.886984407829 0.00835 0.885989162888 0.0046500000000000005 5.52746458002 
113180 0.8870949906 0.005549999999999999 0.887758487228 0.0027500000000000003 5.30722850205 
100076 0.890523056508 0.005 0.892181798076 0.0034500000000000004 5.38906457937 
100253 0.889748977109 0.005875000000000002 0.888421983855 0.0033750000000000004 5.38187251652 
85261 0.89074422205 0.0049250000000000006 0.889970142652 0.0018750000000000004 5.49810652642 
128762 0.891186553135 0.007175 0.890965387593 0.0048000000000000004 5.39777271695 
171963 0.884109255778 0.008 0.884662169634 0.0027 5.50237033772 
118138 0.889970142652 0.006625 0.888753732169 0.00375 5.52996191497 
