112499 0.890412473737 0.0063999999999999994 0.890191308194 0.0022250000000000004 5.56494775097
131597 0.887869069999 0.006500000000000001 0.887205573372 0.0017499999999999998 5.70122768268
111159 0.889970142652 0.006599999999999999 0.889638394338 0.0037 5.77143817794 
122965 0.895056950127 0.006525 0.893729956873 0.00215 5.68771974485 
117782 0.891186553135 0.0062250000000000005 0.890633639279 0.0031500000000000005 5.60945054653 
130286 0.883003428066 0.00545 0.883003428066 0.0034000000000000002 5.70781352607 
102548 0.889748977109 0.00625 0.889417228796 0.0026250000000000006 5.87027912591 
122181 0.889748977109 0.006625 0.891075970364 0.0031 5.70134323605 
212237 0.888090235541 0.010474999999999998 0.88886431494 0.0021500000000000004 5.66584134884 
97562 0.888532566626 0.005175000000000001 0.886431493973 0.002875 5.62708234124 
115872 0.885325666261 0.006099999999999999 0.883445759151 0.0030500000000000006 5.44607077222 
138206 0.889085480482 0.006725 0.888532566626 0.00215 5.58949987253 
133877 0.890301890965 0.0072250000000000005 0.888974897711 0.00375 5.53612952553 
93389 0.887758487228 0.006599999999999999 0.887205573372 0.0027500000000000003 5.59045815783 
155749 0.889970142652 0.007375 0.88797965277 0.00215 5.74449858415 
143251 0.889859559881 0.007875 0.888532566626 0.0021000000000000003 5.67783675214 
109913 0.892955877474 0.0067 0.894282870729 0.0028750000000000004 5.66175947865 
111408 0.888532566626 0.006924999999999999 0.887869069999 0.001875 5.73611188296 
130970 0.888200818313 0.006975 0.888532566626 0.0026 5.78027729844 
112273 0.887316156143 0.007675 0.888532566626 0.002625 5.70962721209 
110487 0.891297135906 0.0067 0.892292380847 0.003075 5.4708380936 
154362 0.887758487228 0.007324999999999999 0.886763242287 0.001975 5.75419873948 
147833 0.886984407829 0.00835 0.886873825058 0.00335 5.67515515069 
113180 0.8870949906 0.005549999999999999 0.887647904456 0.0019 5.67618199381 
100076 0.890523056508 0.005 0.891739466991 0.003575 5.71233261186 
100253 0.889748977109 0.005875000000000002 0.888532566626 0.0029500000000000004 5.63046722726 
85261 0.89074422205 0.0049250000000000006 0.889748977109 0.0024 5.73796095718 
128762 0.891186553135 0.007175 0.891186553135 0.0033250000000000003 5.66991068163 
171963 0.884109255778 0.008 0.88433042132 0.0031000000000000003 5.77971849869 
118138 0.889970142652 0.006625 0.888421983855 0.0036750000000000003 5.62749757398 
