112499 0.890412473737 0.0063999999999999994 0.888974897711 0.0023 5.37365099686
131597 0.887869069999 0.006500000000000001 0.887758487228 0.00265 5.56824213618
111159 0.889970142652 0.006599999999999999 0.889859559881 0.003300000000000001 5.58496988424 
122965 0.895056950127 0.006525 0.893287625788 0.0019500000000000001 5.57835222356 
117782 0.891186553135 0.0062250000000000005 0.890523056508 0.004200000000000001 5.47361818989 
130286 0.883003428066 0.00545 0.882561096981 0.0030500000000000006 5.46575278881 
102548 0.889748977109 0.00625 0.889859559881 0.00255 5.7028809714 
122181 0.889748977109 0.006625 0.890301890965 0.0034000000000000002 5.7178792422 
212237 0.888090235541 0.010474999999999998 0.888753732169 0.0029500000000000004 5.57656212266 
97562 0.888532566626 0.005175000000000001 0.886984407829 0.0029500000000000004 5.46533114229 
115872 0.885325666261 0.006099999999999999 0.883224593608 0.002875 5.08673455271 
138206 0.889085480482 0.006725 0.887869069999 0.003525 5.43696307014 
133877 0.890301890965 0.0072250000000000005 0.889748977109 0.0035750000000000005 5.41204372887 
93389 0.887758487228 0.006599999999999999 0.888421983855 0.004750000000000001 5.41303868269 
155749 0.889970142652 0.007375 0.888421983855 0.002225 5.62522465838 
143251 0.889859559881 0.007875 0.889085480482 0.002575 5.57355940143 
109913 0.892955877474 0.0067 0.89350879133 0.0031000000000000003 5.54355195384 
111408 0.888532566626 0.006924999999999999 0.887647904456 0.0021750000000000003 5.59398420056 
130970 0.888200818313 0.006975 0.888090235541 0.0023250000000000002 5.6268617936 
112273 0.887316156143 0.007675 0.888090235541 0.0034999999999999996 5.59121823786 
110487 0.891297135906 0.0067 0.891518301449 0.004225 5.16908895682 
154362 0.887758487228 0.007324999999999999 0.886984407829 0.0019 5.54243360074 
147833 0.886984407829 0.00835 0.885989162888 0.0036750000000000003 5.53912382096 
113180 0.8870949906 0.005549999999999999 0.8870949906 0.0019 5.48837183339 
100076 0.890523056508 0.005 0.89162888422 0.0033750000000000004 5.54745651596 
100253 0.889748977109 0.005875000000000002 0.88797965277 0.003775 5.54269080823 
85261 0.89074422205 0.0049250000000000006 0.889970142652 0.0026 5.62602067003 
128762 0.891186553135 0.007175 0.891186553135 0.004050000000000001 5.61105616219 
171963 0.884109255778 0.008 0.883888090236 0.002575 5.61549735272 
118138 0.889970142652 0.006625 0.888974897711 0.003425 5.61368190872 
