276328 0.828650391525 0.11760000000000001 0.828036235222 0.0357 6.3494254265 
155651 0.836020267158 0.031974999999999996 0.839091048672 0.058550000000000005 5.92575217802 
167715 0.84093351758 0.0482 0.840165822202 0.05217500000000001 4.34475377258 
226768 0.83202825119 0.051025 0.834331337325 0.024125 6.48020868069 
290613 0.835866728082 0.18709999999999996 0.841394134807 0.07085 5.72654143111 
242783 0.826654383541 0.06797500000000001 0.828036235222 0.07980000000000001 4.76441308581 
177665 0.834945493628 0.037200000000000004 0.828343313373 0.09179999999999999 5.29251238633 
256586 0.835099032704 0.09052500000000001 0.839551665899 0.099175 5.49279502988 
270386 0.833256563795 0.18404999999999996 0.837555657915 0.037225 4.72117231319 
312421 0.836787962536 0.10262500000000001 0.840165822202 0.059175000000000005 5.43901771191 
345865 0.81206817135 0.16322499999999998 0.823737141102 0.039775 5.38803272843 
310174 0.838169814218 0.16464999999999996 0.835866728082 0.0325 4.95828752801 
94575 0.835713189007 0.017025000000000002 0.837095040688 0.029450000000000004 6.35046263723 
241766 0.829111008752 0.052425000000000006 0.834484876401 0.0379 5.94383340398 
156252 0.825426070935 0.027475 0.833410102871 0.08897500000000001 6.47796853106 
239642 0.834945493628 0.04282500000000001 0.838630431445 0.147725 4.68887481925 
115444 0.83095347766 0.019325 0.835866728082 0.01815 6.25714269064 
240363 0.825426070935 0.14 0.823430062951 0.036625 5.30130724362 
299132 0.839398126823 0.194075 0.831414094887 0.04485 4.99437637423 
264228 0.823583602027 0.09510000000000002 0.831107016736 0.0583 6.66626893551 
206191 0.833256563795 0.033725 0.8288039306 0.08192500000000001 5.04333290605 
311424 0.83985874405 0.163375 0.842468908337 0.05210000000000001 4.68559858855 
167067 0.835713189007 0.0279 0.83095347766 0.07529999999999999 8.00372274195 
157829 0.845539689851 0.054275000000000004 0.84415783817 0.035225 5.70631854926 
196729 0.835713189007 0.06375000000000001 0.836020267158 0.024175000000000006 6.26793386448 
399709 0.838630431445 0.27042499999999997 0.841854752034 0.037175 5.48071723564 
421835 0.835866728082 0.28855 0.834945493628 0.04105 4.57821159112 
196991 0.837555657915 0.06415000000000001 0.838476892369 0.069725 7.71400494106 
167656 0.832795946568 0.054125000000000006 0.84308306464 0.040525000000000005 6.09754122016 
326919 0.839551665899 0.256925 0.832335329341 0.08495000000000001 4.80771551372 
