46961 0.825886688162 0.022250000000000006 0.826193766314 0.012424999999999999 3.02215049019
49135 0.812835866728 0.02 0.812375249501 0.012625000000000003 3.40198091824
37894 0.821741133118 0.021375 0.822201750345 0.011475000000000003 3.34607726829
53680 0.826347305389 0.021575 0.824965453708 0.012425000000000002 3.17273101566
23980 0.820359281437 0.0192 0.81989866421 0.014950000000000001 2.85729646849
37889 0.812682327652 0.0194 0.813296483955 0.010525 3.29186476322
32795 0.819130968832 0.01985 0.818516812529 0.0123 3.42067617065
51474 0.823737141102 0.018475000000000002 0.821434054967 0.01575 3.55058956971
38502 0.827115000768 0.0194 0.827575617995 0.010825 3.32236022813
35984 0.82204821127 0.020875000000000005 0.821587594043 0.014650000000000002 2.75949970659
48858 0.824658375557 0.022550000000000004 0.824197758329 0.012225000000000001 3.34313582725
44098 0.820205742361 0.021425 0.820359281437 0.018000000000000002 3.44245230332
40696 0.816520804545 0.021625000000000002 0.815753109166 0.011200000000000002 3.67047552318
35519 0.814217718409 0.01645 0.813910640258 0.008125 3.17688584022
35316 0.815138952864 0.017275 0.814678335636 0.011399999999999999 3.43933202747
50945 0.812221710425 0.021425 0.811454015047 0.014675 3.36774433091
52498 0.820205742361 0.020099999999999996 0.820512820513 0.01455 3.45109211453
35570 0.808076155382 0.018875000000000003 0.807308460003 0.0093 3.0983818995
59283 0.818670351604 0.01905 0.818670351604 0.011300000000000001 3.28141415566
40397 0.821587594043 0.01905 0.822201750345 0.01145 2.9980283041
42327 0.81667434362 0.021575 0.81667434362 0.008725 3.49575126747
59134 0.822508828497 0.022024999999999996 0.821434054967 0.012574999999999998 3.26536344689
37277 0.812375249501 0.020725000000000004 0.812221710425 0.018175 3.14470870236
28112 0.813910640258 0.020300000000000002 0.813450023031 0.018325 2.69754611477
73235 0.818363273453 0.02415 0.818977429756 0.011474999999999999 3.56332317712
42601 0.829418086903 0.022424999999999997 0.829725165055 0.01425 3.33305023772
43542 0.825886688162 0.0225 0.826807922616 0.0144 3.18754630472
28124 0.824197758329 0.020825 0.823890680178 0.013349999999999999 3.07053591183
51760 0.814831874712 0.020375 0.814985413788 0.014300000000000002 3.54725148226
49097 0.814524796561 0.02145 0.815138952864 0.012175 3.86606561756
