46961 0.825886688162 0.022250000000000006 0.826807922616 0.01145 3.59526414815
49135 0.812835866728 0.02 0.812528788577 0.011825 3.56782320599
37894 0.821741133118 0.021375 0.821741133118 0.011675 3.68261199255
53680 0.826347305389 0.021575 0.825733149086 0.010775000000000002 3.60445625604
23980 0.820359281437 0.0192 0.819745125134 0.013625 3.40721129023
37889 0.812682327652 0.0194 0.812989405804 0.01205 3.57390862482
32795 0.819130968832 0.01985 0.819284507907 0.012450000000000001 3.71387705445
51474 0.823737141102 0.018475000000000002 0.821741133118 0.015 3.56104700573
38502 0.827115000768 0.0194 0.827882696146 0.011575000000000002 3.81397491107
35984 0.82204821127 0.020875000000000005 0.821894672194 0.013025 3.42130067423
48858 0.824658375557 0.022550000000000004 0.824351297405 0.010674999999999999 3.64538607459
44098 0.820205742361 0.021425 0.820205742361 0.013650000000000002 3.80798197838
40696 0.816520804545 0.021625000000000002 0.815906648242 0.010350000000000002 3.71802563962
35519 0.814217718409 0.01645 0.813910640258 0.008375 3.49467741019
35316 0.815138952864 0.017275 0.814371257485 0.010125000000000002 3.72846541662
50945 0.812221710425 0.021425 0.81206817135 0.013199999999999998 3.66370266466
52498 0.820205742361 0.020099999999999996 0.820666359589 0.015525 3.74860546643
35570 0.808076155382 0.018875000000000003 0.807461999079 0.008875 3.49804491826
59283 0.818670351604 0.01905 0.81882389068 0.010375 3.570792581
40397 0.821587594043 0.01905 0.821434054967 0.01225 3.40382301005
42327 0.81667434362 0.021575 0.81667434362 0.0103 3.66054561187
59134 0.822508828497 0.022024999999999996 0.82204821127 0.0125 3.61175456204
37277 0.812375249501 0.020725000000000004 0.811607554123 0.015275 3.66086256761
28112 0.813910640258 0.020300000000000002 0.813296483955 0.0164 3.19296525658
73235 0.818363273453 0.02415 0.819284507907 0.011399999999999999 3.76126490633
42601 0.829418086903 0.022424999999999997 0.828957469676 0.0114 3.70398840222
43542 0.825886688162 0.0225 0.826040227238 0.01165 3.56030664096
28124 0.824197758329 0.020825 0.824658375557 0.011225 3.78984794256
51760 0.814831874712 0.020375 0.815292491939 0.011675 3.77799972394
49097 0.814524796561 0.02145 0.815446031015 0.010125000000000002 3.83689604971
