46961 0.825886688162 0.022250000000000006 0.826193766314 0.014275000000000003 2.74877202791
49135 0.812835866728 0.02 0.81206817135 0.0137 3.2508148444
37894 0.821741133118 0.021375 0.82204821127 0.014600000000000002 2.94871746785
53680 0.826347305389 0.021575 0.825426070935 0.011924999999999998 2.99707097806
23980 0.820359281437 0.0192 0.81989866421 0.0164 2.86315377854
37889 0.812682327652 0.0194 0.813142944879 0.013275000000000002 3.00791969884
32795 0.819130968832 0.01985 0.819438046983 0.015875 3.18739732757
51474 0.823737141102 0.018475000000000002 0.821280515891 0.016274999999999998 3.36950971353
38502 0.827115000768 0.0194 0.827268539843 0.01435 3.22917325634
35984 0.82204821127 0.020875000000000005 0.822355289421 0.015349999999999999 2.51422716042
48858 0.824658375557 0.022550000000000004 0.824351297405 0.011699999999999999 3.21977282551
44098 0.820205742361 0.021425 0.820512820513 0.01485 3.60121627714
40696 0.816520804545 0.021625000000000002 0.815906648242 0.010299999999999998 3.47337377586
35519 0.814217718409 0.01645 0.813757101182 0.008975 2.83572429439
35316 0.815138952864 0.017275 0.814371257485 0.014725000000000002 3.46264134903
50945 0.812221710425 0.021425 0.811914632274 0.014150000000000001 3.39643784771
52498 0.820205742361 0.020099999999999996 0.819745125134 0.017925 3.25661911391
35570 0.808076155382 0.018875000000000003 0.807922616306 0.00895 2.93753848893
59283 0.818670351604 0.01905 0.819130968832 0.011049999999999999 3.07847930264
40397 0.821587594043 0.01905 0.822355289421 0.012799999999999999 2.75388089722
42327 0.81667434362 0.021575 0.816520804545 0.01165 3.16567773816
59134 0.822508828497 0.022024999999999996 0.82204821127 0.011975 3.17779553039
37277 0.812375249501 0.020725000000000004 0.812375249501 0.018325 2.86934188879
28112 0.813910640258 0.020300000000000002 0.813142944879 0.019075 2.86787743189
73235 0.818363273453 0.02415 0.818516812529 0.011475000000000003 3.68147694597
42601 0.829418086903 0.022424999999999997 0.829111008752 0.0129 3.09159174763
43542 0.825886688162 0.0225 0.826807922616 0.012350000000000002 2.8865656591
28124 0.824197758329 0.020825 0.823890680178 0.013574999999999999 3.19303799874
51760 0.814831874712 0.020375 0.815753109166 0.012875000000000001 3.37177069051
49097 0.814524796561 0.02145 0.814831874712 0.010700000000000001 3.48790586503
