46961 0.825886688162 0.022250000000000006 0.826193766314 0.015275 2.28179555181
49135 0.812835866728 0.02 0.81206817135 0.015224999999999999 2.82989937493
37894 0.821741133118 0.021375 0.821741133118 0.013650000000000002 2.70797531307
53680 0.826347305389 0.021575 0.826193766314 0.0127 2.47188795459
23980 0.820359281437 0.0192 0.820205742361 0.014499999999999999 2.02382381255
37889 0.812682327652 0.0194 0.813910640258 0.013250000000000001 3.1494830616
32795 0.819130968832 0.01985 0.818670351604 0.0144 3.59799549237
51474 0.823737141102 0.018475000000000002 0.821280515891 0.0142 3.3303915021
38502 0.827115000768 0.0194 0.826347305389 0.012975 2.46210665908
35984 0.82204821127 0.020875000000000005 0.822201750345 0.015224999999999999 2.03646009051
48858 0.824658375557 0.022550000000000004 0.824351297405 0.012325 2.62675348713
44098 0.820205742361 0.021425 0.820666359589 0.014025 3.38427181373
40696 0.816520804545 0.021625000000000002 0.815753109166 0.011775 3.35781202358
35519 0.814217718409 0.01645 0.813757101182 0.0096 2.69749061542
35316 0.815138952864 0.017275 0.814678335636 0.012549999999999999 3.4785006563
50945 0.812221710425 0.021425 0.811454015047 0.016825 2.91011320999
52498 0.820205742361 0.020099999999999996 0.81989866421 0.01755 3.09568874699
35570 0.808076155382 0.018875000000000003 0.808383233533 0.009975000000000001 2.77084790152
59283 0.818670351604 0.01905 0.81882389068 0.013125 2.71895810727
40397 0.821587594043 0.01905 0.82204821127 0.013800000000000002 2.47198987245
42327 0.81667434362 0.021575 0.81667434362 0.014100000000000001 2.50959852913
59134 0.822508828497 0.022024999999999996 0.821741133118 0.013175000000000001 2.92520443221
37277 0.812375249501 0.020725000000000004 0.812375249501 0.019975 2.34019586316
28112 0.813910640258 0.020300000000000002 0.813296483955 0.0175 2.2602815222
73235 0.818363273453 0.02415 0.818209734377 0.012575000000000001 3.41076642625
42601 0.829418086903 0.022424999999999997 0.829111008752 0.013325 2.858844116
43542 0.825886688162 0.0225 0.826347305389 0.012075 2.94709973473
28124 0.824197758329 0.020825 0.824504836481 0.012825000000000001 2.62396692945
51760 0.814831874712 0.020375 0.815753109166 0.012825000000000001 3.13663715435
49097 0.814524796561 0.02145 0.815292491939 0.012974999999999999 3.18207150004
