46961 0.825886688162 0.022250000000000006 0.826654383541 0.0085 3.91199224478
49135 0.812835866728 0.02 0.812528788577 0.013425 4.4217708966
37894 0.821741133118 0.021375 0.821741133118 0.011625000000000002 3.86547473592
53680 0.826347305389 0.021575 0.825579610011 0.009899999999999999 3.72218242402
23980 0.820359281437 0.0192 0.819745125134 0.01325 3.88811710072
37889 0.812682327652 0.0194 0.813450023031 0.013399999999999999 3.88172989572
32795 0.819130968832 0.01985 0.818977429756 0.01145 3.85865054486
51474 0.823737141102 0.018475000000000002 0.821280515891 0.01355 3.77624803163
38502 0.827115000768 0.0194 0.827575617995 0.012000000000000002 3.94534728963
35984 0.82204821127 0.020875000000000005 0.821894672194 0.012725 3.65596609031
48858 0.824658375557 0.022550000000000004 0.824504836481 0.009899999999999999 3.79604341714
44098 0.820205742361 0.021425 0.819745125134 0.012999999999999998 3.96581403029
40696 0.816520804545 0.021625000000000002 0.815906648242 0.0106 4.07194083461
35519 0.814217718409 0.01645 0.813757101182 0.008600000000000002 3.63508579271
35316 0.815138952864 0.017275 0.814371257485 0.010525 4.01305081596
50945 0.812221710425 0.021425 0.812221710425 0.011950000000000002 3.76696401183
52498 0.820205742361 0.020099999999999996 0.820666359589 0.01125 3.95787109203
35570 0.808076155382 0.018875000000000003 0.807308460003 0.008125 3.78083914472
59283 0.818670351604 0.01905 0.818363273453 0.00925 3.86487208639
40397 0.821587594043 0.01905 0.821434054967 0.0108 3.83504195784
42327 0.81667434362 0.021575 0.817288499923 0.009250000000000001 3.8412906642
59134 0.822508828497 0.022024999999999996 0.82204821127 0.011300000000000001 3.73034065273
37277 0.812375249501 0.020725000000000004 0.811761093198 0.015375000000000002 3.90796432074
28112 0.813910640258 0.020300000000000002 0.812989405804 0.01565 3.43498789013
73235 0.818363273453 0.02415 0.819438046983 0.01165 3.92656983399
42601 0.829418086903 0.022424999999999997 0.829111008752 0.009775 3.96670527608
43542 0.825886688162 0.0225 0.826193766314 0.0106 3.79606706741
28124 0.824197758329 0.020825 0.824658375557 0.010875 3.9786647163
51760 0.814831874712 0.020375 0.815138952864 0.011375 3.92568998663
49097 0.814524796561 0.02145 0.815292491939 0.00975 4.01876132705
