46961 0.825886688162 0.022250000000000006 0.826193766314 0.014575 2.2248460358
49135 0.812835866728 0.02 0.812682327652 0.0161 2.52864185736
37894 0.821741133118 0.021375 0.82204821127 0.013925 1.69681538443
53680 0.826347305389 0.021575 0.825426070935 0.011924999999999998 2.80524002164
23980 0.820359281437 0.0192 0.820359281437 0.0143 1.23638644695
37889 0.812682327652 0.0194 0.812989405804 0.011699999999999999 2.95050607974
32795 0.819130968832 0.01985 0.819130968832 0.01435 3.14641726683
51474 0.823737141102 0.018475000000000002 0.821434054967 0.017349999999999997 2.45245969107
38502 0.827115000768 0.0194 0.827268539843 0.01485 2.59599193197
35984 0.82204821127 0.020875000000000005 0.82204821127 0.013725000000000001 1.73470707994
48858 0.824658375557 0.022550000000000004 0.824044219254 0.014725000000000002 2.10295876332
44098 0.820205742361 0.021425 0.820052203286 0.016425000000000002 3.41803078414
40696 0.816520804545 0.021625000000000002 0.815599570091 0.01085 3.14187214941
35519 0.814217718409 0.01645 0.813910640258 0.011300000000000001 2.7388491752
35316 0.815138952864 0.017275 0.814524796561 0.015925 2.67380791115
50945 0.812221710425 0.021425 0.81206817135 0.016175000000000002 2.23756670248
52498 0.820205742361 0.020099999999999996 0.820512820513 0.015725 2.34577739429
35570 0.808076155382 0.018875000000000003 0.807615538154 0.0072499999999999995 2.47615863866
59283 0.818670351604 0.01905 0.818209734377 0.014499999999999999 1.93385034524
40397 0.821587594043 0.01905 0.822662367573 0.013525 1.79097022165
42327 0.81667434362 0.021575 0.816520804545 0.012150000000000001 2.97857773471
59134 0.822508828497 0.022024999999999996 0.822201750345 0.012075 2.41461334957
37277 0.812375249501 0.020725000000000004 0.812375249501 0.0189 1.7141176318
28112 0.813910640258 0.020300000000000002 0.813910640258 0.019075 2.13082125461
73235 0.818363273453 0.02415 0.81882389068 0.013525 3.20127373057
42601 0.829418086903 0.022424999999999997 0.829571625979 0.014325 2.39090061213
43542 0.825886688162 0.0225 0.826040227238 0.01505 2.79369031453
28124 0.824197758329 0.020825 0.823737141102 0.015125000000000001 2.69816926969
51760 0.814831874712 0.020375 0.815753109166 0.013375 2.88017387101
49097 0.814524796561 0.02145 0.814831874712 0.012549999999999999 2.71505558038
