94867 0.898706181577 0.065225 0.893177043017 0.0007000000000000001 5.51162302378 
177245 0.895056950127 0.13592500000000002 0.895720446754 0.00065 5.77592714652 
146109 0.896162777839 0.113 0.897600353865 0.000125 5.85812432777 
60801 0.893619374102 0.045024999999999996 0.891739466991 0.006875 5.76195265849 
64649 0.896162777839 0.059025 0.895388698441 0.001175 5.89597607101 
99411 0.898595598806 0.087625 0.895056950127 0.001325 5.88160076679 
113346 0.897600353865 0.08162500000000002 0.898927347119 0.0004 5.71744641906 
87357 0.894946367356 0.06915 0.892181798076 0.0017 5.90400156159 
120182 0.89804268495 0.090275 0.897268605551 0.013325 5.94006544427 
100838 0.89804268495 0.09092499999999999 0.893619374102 0.0001 6.03145989746 
178469 0.899148512662 0.11705 0.898816764348 0.000225 5.85502649116 
55392 0.894946367356 0.05290000000000001 0.88433042132 0.019250000000000003 5.93510561569 
242598 0.895941612297 0.172675 0.894282870729 0.0002 5.81603214374 
250657 0.898816764348 0.15802499999999997 0.89715802278 0.000425 5.78000374728 
63695 0.897600353865 0.05492500000000001 0.89527811567 0.0008 5.91724039695 
166842 0.896052195068 0.13144999999999998 0.895167532898 0.0008249999999999999 5.97448297382 
73953 0.892624129161 0.05522500000000001 0.892734711932 0.0092 5.49353105265 
226593 0.898153267721 0.15125 0.896826274466 0.005750000000000001 5.5838616506 
58378 0.894835784585 0.066175 0.892624129161 0.0008249999999999999 5.75155056428 
71007 0.896715691695 0.07125 0.89527811567 0.0010500000000000002 5.83219696597 
35003 0.896162777839 0.030775 0.893177043017 0.004675 5.97428952458 
82315 0.890965387593 0.070975 0.888421983855 0.0044 5.71165688602 
83736 0.897379188322 0.061575000000000005 0.893951122415 0.0055000000000000005 5.81934003448 
192585 0.890965387593 0.13302500000000003 0.890965387593 0.000575 5.97225797901 
54456 0.894614619042 0.05402500000000001 0.891960632533 0.0001 5.80225484708 
87006 0.899148512662 0.0794 0.897932102178 0.0010500000000000002 5.74695125947 
48188 0.894946367356 0.0451 0.893177043017 0.001975 5.82269406731 
226383 0.895499281212 0.1573 0.895941612297 0.000125 5.76963699403 
36393 0.897710936636 0.036800000000000006 0.898374433263 0.004525 5.93762267619 
156212 0.897268605551 0.11285 0.894725201814 0.000475 5.75813269377 
