94867 0.898706181577 0.065225 0.896715691695 0.012225 2.27650692468 
177245 0.895056950127 0.13592500000000002 0.896162777839 0.0131 3.14006023143 
146109 0.896162777839 0.113 0.897379188322 0.040775000000000006 3.30740350388 
60801 0.893619374102 0.045024999999999996 0.894061705186 0.057475000000000005 0.745325680435 
64649 0.896162777839 0.059025 0.897710936636 0.0041 3.58298341765 
99411 0.898595598806 0.087625 0.895720446754 0.00365 3.08225118797 
113346 0.897600353865 0.08162500000000002 0.896936857238 0.017475 2.73974608753 
87357 0.894946367356 0.06915 0.894504036271 0.081475 2.52386726826 
120182 0.89804268495 0.090275 0.898816764348 0.0437 2.84196662103 
100838 0.89804268495 0.09092499999999999 0.897489771094 0.019175 3.62905578134 
178469 0.899148512662 0.11705 0.89715802278 0.0007500000000000001 3.40805219049 
55392 0.894946367356 0.05290000000000001 0.894504036271 0.024400000000000005 3.10258932544 
242598 0.895941612297 0.172675 0.894725201814 0.026699999999999998 3.82113092307 
250657 0.898816764348 0.15802499999999997 0.897047440009 0.017575 4.02426562434 
63695 0.897600353865 0.05492500000000001 0.894614619042 0.004200000000000001 4.48699921654 
166842 0.896052195068 0.13144999999999998 0.89162888422 0.006775 2.81282449374 
73953 0.892624129161 0.05522500000000001 0.892181798076 0.043775 3.03567086469 
226593 0.898153267721 0.15125 0.896936857238 0.015375000000000002 3.55601713567 
58378 0.894835784585 0.066175 0.896162777839 0.010925000000000002 2.72179608614 
71007 0.896715691695 0.07125 0.897489771094 0.019075 2.49708876356 
35003 0.896162777839 0.030775 0.894172287958 0.0175 2.67212550842 
82315 0.890965387593 0.070975 0.891297135906 0.10015 2.6217016562 
83736 0.897379188322 0.061575000000000005 0.891407718677 0.081475 2.91556691877 
192585 0.890965387593 0.13302500000000003 0.890191308194 0.017525000000000002 4.45686965551 
54456 0.894614619042 0.05402500000000001 0.8943934535 0.0757 2.23513596713 
87006 0.899148512662 0.0794 0.897489771094 0.0173 2.98576272972 
48188 0.894946367356 0.0451 0.894282870729 0.03155 1.76953214271 
226383 0.895499281212 0.1573 0.894504036271 0.01165 1.8163907975 
36393 0.897710936636 0.036800000000000006 0.898706181577 0.08805 0.522941873745 
156212 0.897268605551 0.11285 0.894282870729 0.018125 2.98721052353 
