94867 0.898706181577 0.065225 0.895831029526 0.00125 4.95026558147 
177245 0.895056950127 0.13592500000000002 0.897268605551 0.0029500000000000004 4.96684942594 
146109 0.896162777839 0.113 0.895609863983 0.00155 5.52448515518 
60801 0.893619374102 0.045024999999999996 0.89350879133 0.0015000000000000002 5.34454310809 
64649 0.896162777839 0.059025 0.895720446754 0.0106 4.94647736868 
99411 0.898595598806 0.087625 0.893840539644 0.00375 5.49437472952 
113346 0.897600353865 0.08162500000000002 0.897821519407 0.0011250000000000001 5.19684004033 
87357 0.894946367356 0.06915 0.891960632533 0.0009750000000000001 5.50838674742 
120182 0.89804268495 0.090275 0.899037929891 0.009600000000000001 5.58507847993 
100838 0.89804268495 0.09092499999999999 0.894725201814 0.00055 5.7083488465 
178469 0.899148512662 0.11705 0.898374433263 0.002 5.40558536392 
55392 0.894946367356 0.05290000000000001 0.892071215305 0.00895 5.50030261729 
242598 0.895941612297 0.172675 0.896162777839 0.0022 5.32649306514 
250657 0.898816764348 0.15802499999999997 0.895499281212 0.0007000000000000001 5.35480280199 
63695 0.897600353865 0.05492500000000001 0.894946367356 0.00075 5.36720008725 
166842 0.896052195068 0.13144999999999998 0.892402963618 0.000775 5.81235069207 
73953 0.892624129161 0.05522500000000001 0.892292380847 0.009575 4.75963804671 
226593 0.898153267721 0.15125 0.898706181577 0.01675 5.2231655887 
58378 0.894835784585 0.066175 0.889527811567 0.004200000000000001 5.39634348925 
71007 0.896715691695 0.07125 0.895831029526 0.000325 5.56250343456 
35003 0.896162777839 0.030775 0.894835784585 0.014150000000000001 5.48362208881 
82315 0.890965387593 0.070975 0.889085480482 0.031375 5.08170240603 
83736 0.897379188322 0.061575000000000005 0.896605108924 0.019525 5.09523111598 
192585 0.890965387593 0.13302500000000003 0.891186553135 0.00135 5.46446742929 
54456 0.894614619042 0.05402500000000001 0.895167532898 0.005775 4.81058046495 
87006 0.899148512662 0.0794 0.897710936636 0.004775000000000001 5.46157598132 
48188 0.894946367356 0.0451 0.890301890965 0.0001 5.38360494981 
226383 0.895499281212 0.1573 0.896162777839 0.0009 5.3729273734 
36393 0.897710936636 0.036800000000000006 0.898485016035 0.011075 5.33738243515 
156212 0.897268605551 0.11285 0.896162777839 0.0017500000000000003 5.10040138264 
