94867 0.898706181577 0.065225 0.896605108924 0.0015000000000000002 5.21515821518 
177245 0.895056950127 0.13592500000000002 0.895831029526 0.0022500000000000003 5.56700691709 
146109 0.896162777839 0.113 0.895609863983 0.0011749999999999998 5.75536838105 
60801 0.893619374102 0.045024999999999996 0.891850049762 0.009675 5.35918213857 
64649 0.896162777839 0.059025 0.895941612297 0.005425 5.74793922904 
99411 0.898595598806 0.087625 0.895056950127 0.0013 5.59717656711 
113346 0.897600353865 0.08162500000000002 0.89627336061 0.000625 5.44298600262 
87357 0.894946367356 0.06915 0.891739466991 0.0131 5.51682064073 
120182 0.89804268495 0.090275 0.897932102178 0.030825 5.81896341332 
100838 0.89804268495 0.09092499999999999 0.889417228796 0.00017500000000000003 5.87002346269 
178469 0.899148512662 0.11705 0.896936857238 0.0002 5.77602044831 
55392 0.894946367356 0.05290000000000001 0.894282870729 0.009550000000000001 5.81948918658 
242598 0.895941612297 0.172675 0.894946367356 0.0007500000000000001 5.65212034397 
250657 0.898816764348 0.15802499999999997 0.897489771094 0.00045 5.68151367534 
63695 0.897600353865 0.05492500000000001 0.893398208559 0.0008249999999999999 5.75846411014 
166842 0.896052195068 0.13144999999999998 0.895056950127 0.00055 5.81797804775 
73953 0.892624129161 0.05522500000000001 0.891407718677 0.019250000000000003 5.15300388199 
226593 0.898153267721 0.15125 0.897600353865 0.010799999999999999 5.40858418276 
58378 0.894835784585 0.066175 0.8943934535 0.00155 5.62089973288 
71007 0.896715691695 0.07125 0.896052195068 0.00025 5.49571627809 
35003 0.896162777839 0.030775 0.894504036271 0.010975000000000002 5.73975834063 
82315 0.890965387593 0.070975 0.890412473737 0.009300000000000001 5.50841455598 
83736 0.897379188322 0.061575000000000005 0.89527811567 0.010325000000000003 5.53453340978 
192585 0.890965387593 0.13302500000000003 0.891075970364 0.001425 5.79162931975 
54456 0.894614619042 0.05402500000000001 0.893951122415 0.00115 5.42450975975 
87006 0.899148512662 0.0794 0.897047440009 0.000675 5.67199895547 
48188 0.894946367356 0.0451 0.893177043017 0.0063999999999999994 5.49226612979 
226383 0.895499281212 0.1573 0.896936857238 0.0005 5.56726303251 
36393 0.897710936636 0.036800000000000006 0.890965387593 0.0014500000000000001 5.68140676462 
156212 0.897268605551 0.11285 0.893951122415 0.0008 5.42610209827 
