411419 0.83878397052 0.009025 0.832335329341 0.0091
484270 0.829571625979 0.013425 0.831107016736 0.019175
216913 0.831414094887 0.005575 0.832181790266 0.0126
332675 0.826040227238 0.0064 0.830799938584 0.0131
296194 0.832642407493 0.021775 0.829571625979 0.0236
631126 0.832335329341 0.012125 0.828957469676 0.020175
296599 0.836941501612 0.012175 0.842775986489 0.036425
568596 0.834331337325 0.03125 0.837709196991 0.02335
600721 0.83202825119 0.028375 0.822201750345 0.0462
666370 0.828650391525 0.030925 0.834791954552 0.0362
486787 0.834638415477 0.014725 0.832642407493 0.02515
914426 0.838476892369 0.021075 0.824658375557 0.03715
269176 0.838937509596 0.015875 0.830032243206 0.05405
423203 0.839705204975 0.012475 0.837248579764 0.0328
515870 0.841854752034 0.014225 0.839705204975 0.0478
511954 0.83878397052 0.02275 0.840626439429 0.018175
376070 0.832181790266 0.0266 0.830339321357 0.019575
647837 0.836327345309 0.025125 0.837709196991 0.0332
496868 0.832795946568 0.011775 0.832181790266 0.013025
1202951 0.838630431445 0.0255 0.838323353293 0.0509
659111 0.830032243206 0.01645 0.824044219254 0.01795
520556 0.835866728082 0.01875 0.830799938584 0.01915
818811 0.840165822202 0.02765 0.837555657915 0.04615
622188 0.831874712114 0.0309 0.828650391525 0.0367
674973 0.833870720098 0.02155 0.834024259174 0.02585
196280 0.824044219254 0.0118 0.827115000768 0.0147
463723 0.832949485644 0.016525 0.832335329341 0.021275
258257 0.830646399509 0.00595 0.831874712114 0.013625
312601 0.834024259174 0.00765 0.821894672194 0.023475
395896 0.835713189007 0.0147 0.839091048672 0.01925
