105338 0.735 0.1093 0.725 0.081125
157502 0.695 0.1 0.705 0.08935
47747 0.81 0.063875 0.805 0.0754
95724 0.74 0.088125 0.77 0.084075
100581 0.805 0.084975 0.785 0.0761
169225 0.805 0.099425 0.815 0.108975
192940 0.755 0.12225 0.76 0.134275
101959 0.825 0.109675 0.81 0.075925
76352 0.735 0.067075 0.705 0.063925
79031 0.74 0.088525 0.735 0.097625
47452 0.76 0.0595 0.765 0.051725
107567 0.75 0.088075 0.77 0.082675
144177 0.735 0.10895 0.75 0.1178
125560 0.74 0.097 0.725 0.1034
137531 0.77 0.109425 0.78 0.084525
125847 0.755 0.1065 0.75 0.109425
113588 0.775 0.1075 0.76 0.10715
153187 0.76 0.1022 0.75 0.07625
138440 0.76 0.117 0.72 0.09305
128175 0.775 0.11165 0.78 0.1065
100088 0.8 0.0847 0.81 0.0897
108524 0.785 0.0735 0.78 0.06175
77254 0.795 0.085625 0.75 0.074825
133790 0.755 0.115725 0.755 0.10355
76777 0.77 0.082075 0.765 0.079125
81561 0.78 0.08415 0.765 0.090775
151646 0.76 0.12755 0.76 0.081925
157387 0.775 0.120875 0.775 0.092675
89929 0.78 0.071325 0.785 0.0656
103880 0.745 0.08285 0.775 0.081375
