151413 0.853216643636 0.15469999999999998 0.841701212959 0.035825 3.73007691778
35690 0.843390142791 0.034525 0.828036235222 0.004675 3.56606177978
35531 0.84415783817 0.0275 0.824197758329 0.0011 3.29805096919
157660 0.84415783817 0.140525 0.837095040688 0.00025 3.82235781375
223902 0.834024259174 0.154525 0.831260555811 0.01375 3.72796184961
46302 0.824044219254 0.06237500000000001 0.819130968832 0.014199999999999999 4.65741182166
29396 0.840779978505 0.006274999999999999 0.841854752034 0.0013 2.7080328969
72419 0.834331337325 0.06380000000000001 0.828343313373 0.031825 3.81131374671
191050 0.840319361277 0.146675 0.830492860433 0.01365 3.7825143025
88541 0.840012283126 0.086175 0.83417779825 0.007925 3.48255215842
22169 0.834945493628 0.026425 0.833256563795 0.074375 9.85831683958
318210 0.836480884385 0.235675 0.833717181023 0.007649999999999999 3.69855471882
63725 0.848303393214 0.02165 0.842315369261 0.045075000000000004 3.6537763445
323069 0.844925533548 0.2491 0.844618455397 0.00125 3.8759089796
146648 0.838323353293 0.12195 0.830339321357 0.0028250000000000003 3.89508969712
153837 0.846614463381 0.13355 0.842929525564 0.00065 3.79367197191
53006 0.846768002457 0.065275 0.828650391525 0.01905 3.62774298517
25123 0.847535697835 0.02175 0.844004299094 0.05305 2.93947990871
39365 0.836480884385 0.03445 0.832795946568 0.019125 2.96858545928
282986 0.843543681867 0.21125 0.835406110855 0.0025 3.91584283427
166042 0.840012283126 0.12855 0.842622447413 0.001075 3.65464751616
85663 0.838323353293 0.060700000000000004 0.83310302472 0.013375000000000001 3.24748878927
227382 0.839551665899 0.18257500000000002 0.83095347766 0.034975000000000006 3.71380006104
141909 0.840779978505 0.126025 0.829111008752 0.019375 4.37315883287
52007 0.83417779825 0.038775 0.83202825119 0.03985 3.28069678823
20140 0.817442038999 0.028600000000000004 0.823430062951 0.012174999999999998 3.83292441329
106487 0.84200829111 0.0925 0.833410102871 0.006125 3.68961903051
2054 0.841240595732 0.003775 0.840319361277 0.0092 2.17568422316
57610 0.835099032704 0.04655 0.83095347766 0.00235 5.26309187946
161157 0.83525257178 0.11414999999999999 0.826807922616 0.014874999999999998 4.09127690667 
