151413 0.853216643636 0.15469999999999998 0.843390142791 0.0033250000000000003 6.73989126036
35690 0.843390142791 0.034525 0.834638415477 0.006274999999999999 3.84602373518
35531 0.84415783817 0.0275 0.829418086903 0.001825 5.42840874927
157660 0.84415783817 0.140525 0.83417779825 0.003175 5.98807852817
223902 0.834024259174 0.154525 0.826040227238 0.009225 4.79005086873
46302 0.824044219254 0.06237500000000001 0.816827882696 0.05895 4.10417336312
29396 0.840779978505 0.006274999999999999 0.841701212959 0.01205 4.2976470575
72419 0.834331337325 0.06380000000000001 0.826040227238 0.0 4.16931116887
191050 0.840319361277 0.146675 0.834791954552 0.004350000000000001 4.96288603415
88541 0.840012283126 0.086175 0.841701212959 0.008725 4.63686556096
22169 0.834945493628 0.026425 0.833717181023 0.03875 9.41018384096
318210 0.836480884385 0.235675 0.834484876401 0.0009750000000000001 4.69763492647
63725 0.848303393214 0.02165 0.846000307078 0.0216 4.32374263041
323069 0.844925533548 0.2491 0.838323353293 0.0029500000000000004 5.46607036965
146648 0.838323353293 0.12195 0.8288039306 0.002725 4.83657277566
153837 0.846614463381 0.13355 0.837709196991 0.011875 5.68098953009
53006 0.846768002457 0.065275 0.837248579764 0.02375 6.14187784879
25123 0.847535697835 0.02175 0.833870720098 0.0063 3.75579653542
39365 0.836480884385 0.03445 0.83417779825 0.0020250000000000003 7.02904613758
282986 0.843543681867 0.21125 0.840165822202 0.00025 8.16537993243
166042 0.840012283126 0.12855 0.839398126823 0.0 4.5107936751
85663 0.838323353293 0.060700000000000004 0.839551665899 0.00045 4.51055718306
227382 0.839551665899 0.18257500000000002 0.833410102871 0.0020250000000000003 5.88693826591
141909 0.840779978505 0.126025 0.83417779825 0.08282499999999998 5.0680892425
52007 0.83417779825 0.038775 0.831567633963 0.0024500000000000004 5.95983902649
20140 0.817442038999 0.028600000000000004 0.819130968832 0.020200000000000006 6.92583716781
106487 0.84200829111 0.0925 0.835559649931 0.027800000000000002 8.5013330644
2054 0.841240595732 0.003775 0.83985874405 0.050225000000000006 2.08533566935
57610 0.835099032704 0.04655 0.828957469676 0.009275 7.03672565796
161157 0.83525257178 0.11414999999999999 0.830185782282 0.0001 5.81375853276 
