151413 0.853216643636 0.15469999999999998 0.846153846154 0.0076500000000000005 8.61473696503
35690 0.843390142791 0.034525 0.840472900353 0.007324999999999999 5.32197058094
35531 0.84415783817 0.0275 0.823430062951 0.017125 7.06658253103
157660 0.84415783817 0.140525 0.830492860433 0.000325 7.59368944182
223902 0.834024259174 0.154525 0.829571625979 0.030600000000000002 7.4874737036
46302 0.824044219254 0.06237500000000001 0.819284507907 0.049725 6.30869664791
29396 0.840779978505 0.006274999999999999 0.837709196991 0.0059499999999999996 6.65207231227
72419 0.834331337325 0.06380000000000001 0.837402118839 0.000325 6.57254098963
191050 0.840319361277 0.146675 0.836787962536 0.01075 7.28778958727
88541 0.840012283126 0.086175 0.841547673883 0.009075 5.13350632741
22169 0.834945493628 0.026425 0.837555657915 0.03385 8.75578114344
318210 0.836480884385 0.235675 0.834791954552 0.007975 7.47526117598
63725 0.848303393214 0.02165 0.8452326117 0.025725 6.41688694222
323069 0.844925533548 0.2491 0.839244587748 0.004075 8.29493118272
146648 0.838323353293 0.12195 0.8288039306 0.01635 7.38381291946
153837 0.846614463381 0.13355 0.839398126823 0.014675 7.99997988623
53006 0.846768002457 0.065275 0.833870720098 0.011399999999999999 7.6790626418
25123 0.847535697835 0.02175 0.840472900353 0.0 6.33391688094
39365 0.836480884385 0.03445 0.834638415477 0.0369 8.74881756657
282986 0.843543681867 0.21125 0.83985874405 0.00165 8.80258251614
166042 0.840012283126 0.12855 0.841701212959 0.00017500000000000003 7.36815662725
85663 0.838323353293 0.060700000000000004 0.842315369261 0.031525 6.94646745119
227382 0.839551665899 0.18257500000000002 0.835406110855 0.006200000000000001 7.96435638597
141909 0.840779978505 0.126025 0.828343313373 0.009649999999999999 7.41480683375
52007 0.83417779825 0.038775 0.827882696146 0.0015249999999999999 7.86278647381
20140 0.817442038999 0.028600000000000004 0.812989405804 0.01715 7.71090264615
106487 0.84200829111 0.0925 0.83525257178 0.004300000000000001 9.70790397077
2054 0.841240595732 0.003775 0.840472900353 0.015575 2.29758359497
57610 0.835099032704 0.04655 0.829571625979 0.0024 7.80258895431
161157 0.83525257178 0.11414999999999999 0.829418086903 0.003175 7.44134277484 
