151413 0.853216643636 0.15469999999999998 0.839705204975 0.04497500000000001 3.88336582751
35690 0.843390142791 0.034525 0.83310302472 0.0105 3.44438561161
35531 0.84415783817 0.0275 0.825118992784 0.0007500000000000001 3.36175529101
157660 0.84415783817 0.140525 0.833717181023 0.0015 3.88710966637
223902 0.834024259174 0.154525 0.833410102871 0.04282500000000001 3.73004516673
46302 0.824044219254 0.06237500000000001 0.818363273453 0.007424999999999999 3.50475345425
29396 0.840779978505 0.006274999999999999 0.837555657915 0.004200000000000001 3.41808962531
72419 0.834331337325 0.06380000000000001 0.827268539843 0.038900000000000004 3.63905947988
191050 0.840319361277 0.146675 0.831260555811 0.01955 3.9317471752
88541 0.840012283126 0.086175 0.834791954552 0.017650000000000002 3.66467151536
22169 0.834945493628 0.026425 0.835099032704 0.055600000000000004 3.36233500809
318210 0.836480884385 0.235675 0.833870720098 0.006475 3.80470644897
63725 0.848303393214 0.02165 0.847996315062 0.0168 3.73601523247
323069 0.844925533548 0.2491 0.842775986489 0.0009750000000000001 3.91071924709
146648 0.838323353293 0.12195 0.827115000768 7.5e-05 4.02366683009
153837 0.846614463381 0.13355 0.843236603716 0.009525 4.04894026348
53006 0.846768002457 0.065275 0.8288039306 0.054125000000000006 3.88286658398
25123 0.847535697835 0.02175 0.837709196991 0.0437 3.30270701365
39365 0.836480884385 0.03445 0.828650391525 0.04865 3.28990268084
282986 0.843543681867 0.21125 0.836941501612 0.003175 7.63468318052
166042 0.840012283126 0.12855 0.837095040688 0.00055 3.84016215131
85663 0.838323353293 0.060700000000000004 0.836327345309 0.00015000000000000001 3.18617554669
227382 0.839551665899 0.18257500000000002 0.833717181023 0.010950000000000001 3.87075433013
141909 0.840779978505 0.126025 0.828343313373 0.038375000000000006 3.90506654018
52007 0.83417779825 0.038775 0.833410102871 0.01 3.66059979956
20140 0.817442038999 0.028600000000000004 0.816827882696 0.047850000000000004 8.17370314468
106487 0.84200829111 0.0925 0.835099032704 0.000475 3.90206484647
2054 0.841240595732 0.003775 0.83985874405 0.050375 1.98019610818
57610 0.835099032704 0.04655 0.828189774298 0.00185 3.53661934262
161157 0.83525257178 0.11414999999999999 0.832642407493 0.0007500000000000001 4.13983861506 
