95806 0.837402118839 0.010575 0.844925533548 0.01085 3.90930672632 
91143 0.833717181023 0.0048 0.840319361277 0.0194 3.92180054147 
149362 0.824811914632 0.026675000000000004 0.839398126823 0.010375 5.12773517581 
101739 0.835713189007 0.0045 0.83417779825 0.015700000000000002 4.05093409196 
92232 0.83525257178 0.0066749999999999995 0.83525257178 0.005725 3.85426453192 
130548 0.841087056656 0.016 0.835559649931 0.008775 4.21428777392 
121144 0.829264547827 0.007124999999999999 0.828957469676 0.0097 3.89821547505 
133211 0.839705204975 0.0053 0.839398126823 0.00655 4.12469789685 
107826 0.840779978505 0.008625 0.840319361277 0.011775 3.89179682966 
99593 0.837555657915 0.0094 0.836020267158 0.018600000000000002 3.9402348619 
237278 0.832949485644 0.02365 0.827115000768 0.01645 4.03563393924 
155535 0.842161830186 0.014100000000000001 0.842315369261 0.019275 4.1033618273 
90439 0.841394134807 0.004275 0.837555657915 0.024675000000000002 4.63877277221 
129531 0.838323353293 0.009625 0.83095347766 0.0098 4.07500758348 
141849 0.836327345309 0.009775 0.839551665899 0.014625 5.82647758197 
129795 0.83525257178 0.009975000000000001 0.838937509596 0.01125 4.19863829177 
157195 0.810532780593 0.013425 0.830492860433 0.0151 4.71503332841 
104465 0.83878397052 0.004675 0.833870720098 0.010925 4.80594703164 
100160 0.834484876401 0.0046 0.824044219254 0.022850000000000002 3.86597820918 
145349 0.826040227238 0.0164 0.830032243206 0.014500000000000002 4.13148054462 
98914 0.836020267158 0.00445 0.836020267158 0.010775 3.89086952312 
104306 0.835713189007 0.006975 0.838016275142 0.011375 3.8580476356 
90401 0.829111008752 0.005025000000000001 0.830799938584 0.0085 5.94076295351 
103198 0.832335329341 0.006274999999999999 0.832795946568 0.009225 5.11130686331 
118369 0.843236603716 0.00605 0.837095040688 0.0075 3.82020135715 
144614 0.830032243206 0.0066749999999999995 0.828036235222 0.019125 4.00254717876 
110286 0.836634423461 0.006100000000000001 0.825118992784 0.011099999999999999 5.29707978399 
121073 0.837862736066 0.007975 0.832949485644 0.01955 4.20701724773 
151097 0.831107016736 0.010249999999999999 0.821587594043 0.015075 6.87743014811 
105660 0.831107016736 0.005024999999999999 0.828189774298 0.0248 4.06792003888 
