95806 0.837402118839 0.010575 0.842315369261 0.010350000000000002 3.25374886679 
91143 0.833717181023 0.0048 0.839398126823 0.008924999999999999 3.5902938989 
149362 0.824811914632 0.026675000000000004 0.838016275142 0.00825 3.45005833081 
101739 0.835713189007 0.0045 0.827422078919 0.006725000000000001 3.37732534758 
92232 0.83525257178 0.0066749999999999995 0.837709196991 0.019725 3.28723912175 
130548 0.841087056656 0.016 0.829264547827 0.0060999999999999995 3.65043632063 
121144 0.829264547827 0.007124999999999999 0.835559649931 0.0085 3.20748003321 
133211 0.839705204975 0.0053 0.834484876401 0.0216 3.34947904911 
107826 0.840779978505 0.008625 0.837402118839 0.0092 3.48686987025 
99593 0.837555657915 0.0094 0.838323353293 0.015375000000000002 3.70900512849 
237278 0.832949485644 0.02365 0.828036235222 0.020524999999999998 3.73648133349 
155535 0.842161830186 0.014100000000000001 0.83202825119 0.018775 3.64102864248 
90439 0.841394134807 0.004275 0.83985874405 0.008 3.91189336151 
129531 0.838323353293 0.009625 0.831874712114 0.0076500000000000005 3.3399973886 
141849 0.836327345309 0.009775 0.836941501612 0.004675 3.7691860162 
129795 0.83525257178 0.009975000000000001 0.839244587748 0.01065 3.5600140713 
157195 0.810532780593 0.013425 0.832488868417 0.0108 3.89454439559 
104465 0.83878397052 0.004675 0.831414094887 0.022000000000000002 3.30009937614 
100160 0.834484876401 0.0046 0.826040227238 0.024375 3.17762213802 
145349 0.826040227238 0.0164 0.833870720098 0.01665 3.70362069595 
98914 0.836020267158 0.00445 0.834945493628 0.02145 3.42225070876 
104306 0.835713189007 0.006975 0.84415783817 0.01245 3.33596861407 
90401 0.829111008752 0.005025000000000001 0.831874712114 0.010049999999999998 3.34729035057 
103198 0.832335329341 0.006274999999999999 0.835559649931 0.014924999999999999 3.49678145051 
118369 0.843236603716 0.00605 0.837402118839 0.0040999999999999995 3.1936597947 
144614 0.830032243206 0.0066749999999999995 0.824504836481 0.01435 3.62212322733 
110286 0.836634423461 0.006100000000000001 0.831260555811 0.005775 3.53953866187 
121073 0.837862736066 0.007975 0.832181790266 0.02105 3.79820085715 
151097 0.831107016736 0.010249999999999999 0.837709196991 0.021375 6.34163271791 
105660 0.831107016736 0.005024999999999999 0.828650391525 0.0255 3.52111453717 
