95806 0.837402118839 0.010575 0.844925533548 0.010225 2.37166483264 
91143 0.833717181023 0.0048 0.839398126823 0.007724999999999999 3.08895538122 
149362 0.824811914632 0.026675000000000004 0.836634423461 0.010225 3.33614431376 
101739 0.835713189007 0.0045 0.836941501612 0.005124999999999999 3.02761863086 
92232 0.83525257178 0.0066749999999999995 0.833717181023 0.01245 2.31605375639 
130548 0.841087056656 0.016 0.83310302472 0.013349999999999999 2.70278731065 
121144 0.829264547827 0.007124999999999999 0.830646399509 0.008825000000000001 2.75822093207 
133211 0.839705204975 0.0053 0.83525257178 0.006625000000000001 2.61606337052 
107826 0.840779978505 0.008625 0.840779978505 0.009524999999999999 3.1493042441 
99593 0.837555657915 0.0094 0.83525257178 0.019075 2.76810610184 
237278 0.832949485644 0.02365 0.821587594043 0.016025 3.1762365877 
155535 0.842161830186 0.014100000000000001 0.835713189007 0.012825 3.38801709651 
90439 0.841394134807 0.004275 0.840012283126 0.015025000000000002 2.97836292531 
129531 0.838323353293 0.009625 0.830339321357 0.015825 2.7229473052 
141849 0.836327345309 0.009775 0.839705204975 0.014775 3.06903925608 
129795 0.83525257178 0.009975000000000001 0.83878397052 0.01165 2.78912472962 
157195 0.810532780593 0.013425 0.83202825119 0.006000000000000001 3.27716217905 
104465 0.83878397052 0.004675 0.835559649931 0.008025 2.22625677092 
100160 0.834484876401 0.0046 0.833563641947 0.012650000000000002 2.756590213 
145349 0.826040227238 0.0164 0.829264547827 0.009475 3.10293063396 
98914 0.836020267158 0.00445 0.841854752034 0.030275000000000003 2.03799749864 
104306 0.835713189007 0.006975 0.840779978505 0.019375 2.52017586706 
90401 0.829111008752 0.005025000000000001 0.829418086903 0.00635 2.40901547833 
103198 0.832335329341 0.006274999999999999 0.817442038999 0.007975 3.93983826318 
118369 0.843236603716 0.00605 0.841547673883 0.021224999999999997 2.77781906003 
144614 0.830032243206 0.0066749999999999995 0.827422078919 0.016025 3.3679700416 
110286 0.836634423461 0.006100000000000001 0.832795946568 0.011474999999999999 2.72742709941 
121073 0.837862736066 0.007975 0.837402118839 0.04370000000000001 2.97445100591 
151097 0.831107016736 0.010249999999999999 0.824197758329 0.0279 3.253183672 
105660 0.831107016736 0.005024999999999999 0.82987870413 0.01745 2.95702243611 
