26945 0.7 0.028125 0.71 0.01595 3.63944759363
30651 0.74 0.018325 0.74 0.015425 4.982817778
28204 0.685 0.020025 0.69 0.012124999999999999 3.13243980629
22160 0.705 0.017875000000000002 0.71 0.009649999999999999 2.89362384599
26472 0.7 0.026225000000000002 0.695 0.016625000000000004 3.75629822541
18949 0.7 0.01685 0.7 0.01565 3.13466653131
64633 0.775 0.034249999999999996 0.785 0.011049999999999999 4.74529047122
79473 0.685 0.0369 0.705 0.0092 6.07142310178
26455 0.7 0.02025 0.71 0.012525 3.58617316946
32510 0.71 0.019850000000000003 0.71 0.018699999999999998 3.26689180604
18660 0.78 0.012825 0.78 0.00895 3.33794682567
16790 0.685 0.0191 0.68 0.017400000000000002 5.18004074608
37569 0.695 0.028900000000000006 0.7 0.014425 5.37184785551
35363 0.695 0.026000000000000002 0.69 0.02165 3.20309066624
25175 0.675 0.0179 0.685 0.008975 5.25975549588
33266 0.75 0.02855 0.755 0.016625 4.26986901862
10467 0.685 0.013175 0.68 0.010150000000000001 1.66007313577
33161 0.755 0.023825000000000002 0.755 0.012850000000000002 4.20785277819
48409 0.695 0.023000000000000003 0.7 0.020625 5.20282833054
23334 0.69 0.019074999999999998 0.7 0.011675 3.05117764463
32436 0.74 0.025700000000000004 0.75 0.018475000000000002 3.45507306671
30478 0.705 0.024625000000000005 0.71 0.012450000000000001 5.26329312592
47873 0.75 0.016625 0.76 0.0144 4.27046949154
25431 0.7 0.017 0.7 0.011675 4.51318007282
30275 0.72 0.012400000000000001 0.72 0.0085 4.05792782004
10023 0.705 0.015674999999999998 0.71 0.0182 2.09991581445
21484 0.7 0.0166 0.7 0.0114 4.25898723197
55059 0.755 0.0345 0.76 0.0193 4.71337511533
18796 0.745 0.020650000000000005 0.73 0.01655 4.6353582064
31496 0.685 0.02045 0.69 0.008075 3.48366301747
