26945 0.7 0.028125 0.715 0.013225 5.99852847254
30651 0.74 0.018325 0.725 0.012875000000000001 6.98354530964
28204 0.685 0.020025 0.7 0.018500000000000003 6.3048224714
22160 0.705 0.017875000000000002 0.72 0.007150000000000001 7.25039899392
26472 0.7 0.026225000000000002 0.69 0.0113 6.17742319018
18949 0.7 0.01685 0.69 0.018600000000000002 6.4944299416
64633 0.775 0.034249999999999996 0.795 0.0086 7.20152384819
79473 0.685 0.0369 0.7 0.017124999999999998 6.5404843535
26455 0.7 0.02025 0.7 0.01065 6.16598700822
32510 0.71 0.019850000000000003 0.71 0.011575000000000002 6.94761564981
18660 0.78 0.012825 0.775 0.007349999999999999 6.26796177051
16790 0.685 0.0191 0.68 0.010275000000000001 5.99661069951
37569 0.695 0.028900000000000006 0.71 0.013875 6.92398104409
35363 0.695 0.026000000000000002 0.705 0.01615 6.36008991763
25175 0.675 0.0179 0.69 0.0108 6.88759526296
33266 0.75 0.02855 0.755 0.016825 6.78862852833
10467 0.685 0.013175 0.685 0.0097 5.00940704092
33161 0.755 0.023825000000000002 0.745 0.014775 6.81640478677
48409 0.695 0.023000000000000003 0.7 0.01685 6.97695592241
23334 0.69 0.019074999999999998 0.7 0.010750000000000003 5.81595398317
32436 0.74 0.025700000000000004 0.76 0.010375 6.62354243669
30478 0.705 0.024625000000000005 0.705 0.012549999999999999 6.7073140045
47873 0.75 0.016625 0.76 0.010825 6.76821822221
25431 0.7 0.017 0.7 0.011675 7.37107514406
30275 0.72 0.012400000000000001 0.72 0.008275 6.75079358173
10023 0.705 0.015674999999999998 0.715 0.018000000000000002 5.79648500821
21484 0.7 0.0166 0.7 0.013774999999999999 6.78834349914
55059 0.755 0.0345 0.765 0.012825000000000001 7.40572204819
18796 0.745 0.020650000000000005 0.73 0.011075000000000002 6.43321679954
31496 0.685 0.02045 0.71 0.0062 6.10368203692
