26945 0.7 0.028125 0.725 0.014175 6.52293008524
30651 0.74 0.018325 0.725 0.011749999999999998 7.34793085873
28204 0.685 0.020025 0.7 0.011049999999999999 7.15078374742
22160 0.705 0.017875000000000002 0.705 0.010049999999999998 7.37973592396
26472 0.7 0.026225000000000002 0.69 0.01695 5.52009859171
18949 0.7 0.01685 0.7 0.010125 6.25993872895
64633 0.775 0.034249999999999996 0.79 0.009725000000000001 6.87524164499
79473 0.685 0.0369 0.7 0.0072499999999999995 7.13016716944
26455 0.7 0.02025 0.715 0.01575 6.4536298405
32510 0.71 0.019850000000000003 0.715 0.013725000000000001 7.07214030188
18660 0.78 0.012825 0.77 0.0074 6.8430905005
16790 0.685 0.0191 0.685 0.007975 6.74386525617
37569 0.695 0.028900000000000006 0.685 0.014649999999999998 7.11791574815
35363 0.695 0.026000000000000002 0.69 0.0172 6.98882753496
25175 0.675 0.0179 0.7 0.011975000000000003 6.81334529473
33266 0.75 0.02855 0.75 0.00945 7.04860700888
10467 0.685 0.013175 0.685 0.008775 5.42212231836
33161 0.755 0.023825000000000002 0.76 0.0161 7.09814352565
48409 0.695 0.023000000000000003 0.7 0.020225 7.28777400704
23334 0.69 0.019074999999999998 0.695 0.015449999999999998 7.34881641612
32436 0.74 0.025700000000000004 0.76 0.009675 6.9294823314
30478 0.705 0.024625000000000005 0.72 0.008525 6.92344188365
47873 0.75 0.016625 0.755 0.0115 7.14776924182
25431 0.7 0.017 0.69 0.012850000000000002 6.39429918121
30275 0.72 0.012400000000000001 0.72 0.00815 6.73551533433
10023 0.705 0.015674999999999998 0.72 0.019825000000000002 6.4492370676
21484 0.7 0.0166 0.695 0.01705 7.28053199188
55059 0.755 0.0345 0.76 0.012824999999999998 6.99322994878
18796 0.745 0.020650000000000005 0.725 0.013450000000000002 6.34195759369
31496 0.685 0.02045 0.705 0.01615 6.43639799115
