26945 0.7 0.028125 0.715 0.0111 7.11245964067
30651 0.74 0.018325 0.725 0.0113 7.60391362659
28204 0.685 0.020025 0.675 0.008975 7.26222349295
22160 0.705 0.017875000000000002 0.715 0.012400000000000001 7.83614652567
26472 0.7 0.026225000000000002 0.69 0.008925 7.00461951447
18949 0.7 0.01685 0.695 0.013999999999999999 7.50481963988
64633 0.775 0.034249999999999996 0.795 0.009899999999999999 7.51547199156
79473 0.685 0.0369 0.705 0.010249999999999999 7.15107671865
26455 0.7 0.02025 0.695 0.009000000000000001 6.94616669153
32510 0.71 0.019850000000000003 0.735 0.009149999999999998 7.36748461318
18660 0.78 0.012825 0.78 0.004675 7.44222224985
16790 0.685 0.0191 0.675 0.008875 7.49568353969
37569 0.695 0.028900000000000006 0.695 0.009225 7.50578273913
35363 0.695 0.026000000000000002 0.705 0.013175 7.65320001768
25175 0.675 0.0179 0.71 0.016175000000000002 7.67380083591
33266 0.75 0.02855 0.74 0.009425 7.45528454577
10467 0.685 0.013175 0.685 0.009425 6.83071749015
33161 0.755 0.023825000000000002 0.745 0.008924999999999999 7.73342276753
48409 0.695 0.023000000000000003 0.685 0.013574999999999999 7.54260663042
23334 0.69 0.019074999999999998 0.69 0.012475 7.64622522777
32436 0.74 0.025700000000000004 0.76 0.00845 7.46682767585
30478 0.705 0.024625000000000005 0.705 0.011625000000000002 7.50178473362
47873 0.75 0.016625 0.75 0.012575000000000001 7.67406759154
25431 0.7 0.017 0.7 0.011850000000000001 7.45368727176
30275 0.72 0.012400000000000001 0.725 0.009375 7.79782928359
10023 0.705 0.015674999999999998 0.72 0.0225 7.25949166846
21484 0.7 0.0166 0.705 0.0157 7.42272414488
55059 0.755 0.0345 0.74 0.009250000000000001 7.4512471754
18796 0.745 0.020650000000000005 0.72 0.010775 7.17319591545
31496 0.685 0.02045 0.695 0.007275 7.2753637451
