26945 0.7 0.028125 0.705 0.017325 5.44181307632
30651 0.74 0.018325 0.725 0.012349999999999998 6.15878000708
28204 0.685 0.020025 0.69 0.012025000000000001 6.20313294549
22160 0.705 0.017875000000000002 0.705 0.015875 5.36713305046
26472 0.7 0.026225000000000002 0.705 0.0131 3.11149246681
18949 0.7 0.01685 0.695 0.016625 4.87080244918
64633 0.775 0.034249999999999996 0.78 0.010575000000000001 6.81357680153
79473 0.685 0.0369 0.7 0.0115 6.0055496301
26455 0.7 0.02025 0.705 0.014700000000000001 5.22589913481
32510 0.71 0.019850000000000003 0.705 0.0139 5.65777219764
18660 0.78 0.012825 0.765 0.012025000000000001 5.08097202195
16790 0.685 0.0191 0.68 0.016 5.47142511837
37569 0.695 0.028900000000000006 0.7 0.0108 5.75041903546
35363 0.695 0.026000000000000002 0.71 0.015975000000000003 5.57907953912
25175 0.675 0.0179 0.675 0.014825 5.15684003779
33266 0.75 0.02855 0.755 0.010249999999999999 5.4785989011
10467 0.685 0.013175 0.685 0.00935 4.46153645877
33161 0.755 0.023825000000000002 0.76 0.013525 6.16025089918
48409 0.695 0.023000000000000003 0.71 0.014975 6.33584508754
23334 0.69 0.019074999999999998 0.7 0.014675 4.56333583335
32436 0.74 0.025700000000000004 0.745 0.0157 4.90896437273
30478 0.705 0.024625000000000005 0.72 0.01145 6.99228411483
47873 0.75 0.016625 0.755 0.008400000000000001 4.99871850121
25431 0.7 0.017 0.685 0.0131 5.89550903596
30275 0.72 0.012400000000000001 0.73 0.011375000000000001 6.50487900486
10023 0.705 0.015674999999999998 0.715 0.0176 3.84290817905
21484 0.7 0.0166 0.705 0.01365 6.19561242051
55059 0.755 0.0345 0.76 0.022424999999999997 6.14059527953
18796 0.745 0.020650000000000005 0.725 0.014875000000000001 5.1309518699
31496 0.685 0.02045 0.69 0.00785 5.16419691545
