26945 0.7 0.028125 0.72 0.014849999999999999 6.78850970171
30651 0.74 0.018325 0.725 0.0114 7.69586327826
28204 0.685 0.020025 0.71 0.013574999999999999 7.33294433947
22160 0.705 0.017875000000000002 0.715 0.008 7.95615419146
26472 0.7 0.026225000000000002 0.695 0.012799999999999999 6.48533801292
18949 0.7 0.01685 0.7 0.012175000000000002 7.43462622722
64633 0.775 0.034249999999999996 0.785 0.014025000000000001 7.31313178526
79473 0.685 0.0369 0.695 0.010674999999999999 7.20386236941
26455 0.7 0.02025 0.71 0.014525000000000001 6.99004553892
32510 0.71 0.019850000000000003 0.72 0.008425 7.38741707136
18660 0.78 0.012825 0.775 0.006699999999999999 7.11756540091
16790 0.685 0.0191 0.685 0.008924999999999999 7.27686861529
37569 0.695 0.028900000000000006 0.705 0.014424999999999999 7.35860797573
35363 0.695 0.026000000000000002 0.705 0.014975 7.13382301836
25175 0.675 0.0179 0.7 0.011225 7.40376319759
33266 0.75 0.02855 0.755 0.00975 7.50443556318
10467 0.685 0.013175 0.69 0.009525 5.94324275272
33161 0.755 0.023825000000000002 0.75 0.0146 7.54818294576
48409 0.695 0.023000000000000003 0.7 0.019225000000000003 7.43884127813
23334 0.69 0.019074999999999998 0.695 0.016675000000000002 7.55288284742
32436 0.74 0.025700000000000004 0.755 0.0071 7.18438661263
30478 0.705 0.024625000000000005 0.715 0.011275 7.31602410787
47873 0.75 0.016625 0.75 0.012650000000000002 7.47257076006
25431 0.7 0.017 0.69 0.01125 7.31381496583
30275 0.72 0.012400000000000001 0.725 0.0069500000000000004 7.64944730358
10023 0.705 0.015674999999999998 0.72 0.021775000000000003 7.08983082779
21484 0.7 0.0166 0.69 0.019425 7.349531351
55059 0.755 0.0345 0.745 0.012400000000000001 7.56354003337
18796 0.745 0.020650000000000005 0.725 0.00885 7.01303824883
31496 0.685 0.02045 0.69 0.0055249999999999995 7.20360018564
