142874 0.81774911715 0.00165 0.818363273453 0.00845
133345 0.818977429756 0.001825 0.818516812529 0.0064
95955 0.820666359589 0.001425 0.81882389068 0.001875
129393 0.82097343774 0.001275 0.820052203286 0.00825
125254 0.820512820513 0.002025 0.821587594043 0.0099
135780 0.815446031015 0.001675 0.814985413788 0.00455
143004 0.818977429756 0.001725 0.817595578075 0.009
103600 0.813603562107 0.00135 0.811607554123 0.003625
138986 0.815138952864 0.001425 0.816981421772 0.009575
91088 0.81882389068 0.0021 0.818670351604 0.007075
130148 0.813296483955 0.001725 0.814064179334 0.0062
108051 0.821434054967 0.00185 0.821587594043 0.006125
166387 0.822969445724 0.001725 0.822201750345 0.003175
120679 0.809304467987 0.0016 0.809304467987 0.004325
121290 0.815753109166 0.001625 0.814217718409 0.004625
133987 0.817134960848 0.001775 0.818670351604 0.006
147345 0.814678335636 0.0017 0.814217718409 0.004825
125222 0.81099339782 0.00125 0.810072163366 0.0067
120306 0.812528788577 0.002075 0.813142944879 0.0064
142728 0.822662367573 0.0016 0.822201750345 0.006875
133690 0.824811914632 0.0016 0.821894672194 0.005775
125422 0.826347305389 0.001725 0.82772915707 0.012975
140089 0.825272531859 0.001975 0.825272531859 0.00785
131244 0.812989405804 0.001475 0.813603562107 0.00675
130319 0.818516812529 0.00155 0.818977429756 0.00715
111104 0.828496852449 0.00155 0.828343313373 0.007975
109282 0.813757101182 0.001875 0.813296483955 0.006175
142935 0.81882389068 0.0018 0.819284507907 0.0083
89804 0.822355289421 0.00145 0.822508828497 0.008875
125362 0.816213726393 0.0016 0.812989405804 0.005825
