100837 0.845386150775 0.004475 0.830799938584 0.1286
98637 0.844311377246 0.01005 0.831874712114 0.370775
132117 0.82987870413 0.0112 0.830799938584 0.3053
78223 0.834791954552 0.003875 0.830799938584 0.213625
69910 0.815753109166 0.003625 0.827115000768 0.08995
129139 0.835406110855 0.006275 0.815446031015 0.10945
103519 0.843390142791 0.01 0.8452326117 0.295775
104493 0.832181790266 0.006825 0.830646399509 0.196375
155383 0.834791954552 0.01355 0.827115000768 0.20705
89423 0.837555657915 0.00395 0.838630431445 0.093375
107119 0.833410102871 0.005475 0.835713189007 0.120525
92452 0.825733149086 0.004725 0.831567633963 0.1745
98041 0.826500844465 0.0048 0.830799938584 0.12635
96965 0.833717181023 0.00705 0.835866728082 0.18185
118037 0.824811914632 0.01225 0.827422078919 0.258075
113468 0.836480884385 0.009825 0.830799938584 0.158675
139160 0.831260555811 0.00785 0.826040227238 0.137725
127457 0.832949485644 0.012975 0.843236603716 0.31715
112913 0.841394134807 0.013975 0.840779978505 0.274725
92679 0.837402118839 0.017775 0.844464916321 0.245975
169755 0.831721173039 0.012575 0.8288039306 0.251675
108643 0.827115000768 0.008925 0.838937509596 0.3133
97539 0.839705204975 0.00565 0.837248579764 0.215725
147586 0.835099032704 0.020425 0.831721173039 0.23985
76259 0.839398126823 0.0051 0.843236603716 0.2371
144674 0.836020267158 0.011275 0.836173806234 0.214875
119996 0.84093351758 0.007525 0.834945493628 0.257525
90600 0.83310302472 0.00445 0.828496852449 0.096325
126498 0.836941501612 0.00905 0.827882696146 0.1579
102402 0.832335329341 0.008625 0.832488868417 0.24915
