172316 0.71 0.15410000000000001 0.71 0.09512500000000002 7.14203012171 
79186 0.78 0.08185 0.78 0.071425 6.26453806375 
129096 0.765 0.10205000000000002 0.785 0.118525 6.52386119537 
210254 0.785 0.170525 0.76 0.13685 7.09024895165 
34711 0.765 0.039525 0.785 0.0718 6.68211799513 
165708 0.78 0.144325 0.74 0.11964999999999999 7.12364595937 
94461 0.805 0.11280000000000001 0.79 0.0626 7.0552877364 
222455 0.775 0.13755 0.755 0.06810000000000001 6.66972187692 
46027 0.71 0.039425 0.72 0.027275 6.62944503837 
123537 0.73 0.08125 0.74 0.05547500000000001 6.77775251521 
86909 0.75 0.0862 0.73 0.078125 7.16937222029 
132439 0.755 0.12607500000000002 0.7 0.036025 7.066626846 
185709 0.745 0.142625 0.725 0.06085000000000001 6.96672523053 
146761 0.8 0.11417500000000003 0.81 0.048275000000000005 6.88100989508 
62994 0.775 0.08172499999999999 0.79 0.05737500000000001 6.79565117763 
116278 0.76 0.09375 0.755 0.06722500000000001 6.92916854513 
103744 0.705 0.099925 0.7 0.038075 7.24954238697 
233797 0.73 0.1435 0.715 0.061225 6.9648611042 
180844 0.8 0.118175 0.78 0.08412500000000002 6.98345612407 
142639 0.77 0.10342500000000002 0.78 0.11465000000000002 7.29363680186 
240572 0.78 0.135025 0.79 0.06130000000000001 7.05924788258 
222453 0.75 0.17059999999999997 0.73 0.069325 6.6714019967 
102317 0.775 0.08082500000000001 0.79 0.05952500000000001 6.66916103128 
213302 0.75 0.15015 0.735 0.080825 7.14581954873 
145278 0.755 0.1429 0.785 0.056475 7.18265729369 
71903 0.8 0.05755000000000001 0.815 0.060475000000000015 7.05150426245 
200348 0.74 0.163925 0.75 0.06680000000000001 6.8596224841 
86493 0.76 0.11235 0.77 0.05827500000000001 6.6550053039 
56078 0.775 0.06885000000000001 0.78 0.05115 6.28787899381 
231779 0.725 0.11510000000000002 0.72 0.10287500000000001 6.7535390527 
