172316 0.71 0.15410000000000001 0.725 0.07692500000000001 7.89319170272 
79186 0.78 0.08185 0.775 0.047575000000000006 7.7899704142 
129096 0.765 0.10205000000000002 0.795 0.08897500000000001 7.82874611186 
210254 0.785 0.170525 0.77 0.09717500000000001 7.71612811397 
34711 0.765 0.039525 0.76 0.08962500000000001 7.66404329582 
165708 0.78 0.144325 0.75 0.078975 7.86821873325 
94461 0.805 0.11280000000000001 0.795 0.07300000000000001 7.90461046746 
222455 0.775 0.13755 0.755 0.07365000000000001 7.65812526589 
46027 0.71 0.039425 0.715 0.028224999999999997 7.74036830314 
123537 0.73 0.08125 0.72 0.06035 7.74737179487 
86909 0.75 0.0862 0.755 0.08095000000000001 7.65877728606 
132439 0.755 0.12607500000000002 0.73 0.049475000000000005 7.61795670142 
185709 0.745 0.142625 0.73 0.055875 7.97986653241 
146761 0.8 0.11417500000000003 0.81 0.042175000000000004 7.73210575749 
62994 0.775 0.08172499999999999 0.795 0.0823 7.74771570561 
116278 0.76 0.09375 0.76 0.060425000000000006 7.77326160642 
103744 0.705 0.099925 0.68 0.032675 7.67727209819 
233797 0.73 0.1435 0.715 0.049675000000000004 7.9737624241 
180844 0.8 0.118175 0.79 0.06885000000000001 7.92016208653 
142639 0.77 0.10342500000000002 0.78 0.075825 7.96833207642 
240572 0.78 0.135025 0.785 0.0786 7.88772538799 
222453 0.75 0.17059999999999997 0.725 0.04575000000000001 7.73340155194 
102317 0.775 0.08082500000000001 0.76 0.10242500000000002 7.81605684286 
213302 0.75 0.15015 0.745 0.074325 7.90763715545 
145278 0.755 0.1429 0.77 0.08217500000000001 7.77204107481 
71903 0.8 0.05755000000000001 0.815 0.0815 7.92059627401 
200348 0.74 0.163925 0.74 0.08132500000000001 7.99242515152 
86493 0.76 0.11235 0.77 0.042125 7.71581642716 
56078 0.775 0.06885000000000001 0.785 0.06390000000000001 7.97652782612 
231779 0.725 0.11510000000000002 0.715 0.040999999999999995 7.71213086813 
