172316 0.71 0.15410000000000001 0.735 0.07412500000000001 7.53433340792 
79186 0.78 0.08185 0.77 0.05725 6.76346122078 
129096 0.765 0.10205000000000002 0.795 0.0848 7.22314789032 
210254 0.785 0.170525 0.775 0.130375 7.56396790866 
34711 0.765 0.039525 0.77 0.063725 6.12605896994 
165708 0.78 0.144325 0.745 0.0642 7.55760658899 
94461 0.805 0.11280000000000001 0.765 0.08599999999999998 7.56367939878 
222455 0.775 0.13755 0.76 0.0795 7.38685530031 
46027 0.71 0.039425 0.72 0.055175 7.03184390521 
123537 0.73 0.08125 0.73 0.059425000000000006 7.12540965696 
86909 0.75 0.0862 0.73 0.08465 7.49166460864 
132439 0.755 0.12607500000000002 0.72 0.0415 7.29787110702 
185709 0.745 0.142625 0.735 0.0329 7.61431546583 
146761 0.8 0.11417500000000003 0.83 0.04927500000000001 7.27172626644 
62994 0.775 0.08172499999999999 0.78 0.086175 6.93210992878 
116278 0.76 0.09375 0.745 0.05902500000000001 7.4145900668 
103744 0.705 0.099925 0.715 0.020324999999999996 7.11316043183 
233797 0.73 0.1435 0.735 0.06222500000000001 7.48692695816 
180844 0.8 0.118175 0.785 0.07855000000000001 7.06729309278 
142639 0.77 0.10342500000000002 0.8 0.072975 7.59801556915 
240572 0.78 0.135025 0.78 0.0434 7.41851124868 
222453 0.75 0.17059999999999997 0.725 0.07385 7.02354754722 
102317 0.775 0.08082500000000001 0.775 0.09942500000000001 7.0298229272 
213302 0.75 0.15015 0.73 0.054075000000000005 7.46888893033 
145278 0.755 0.1429 0.735 0.0709 6.89604604169 
71903 0.8 0.05755000000000001 0.825 0.060250000000000005 7.46341457688 
200348 0.74 0.163925 0.73 0.0426 7.49875974453 
86493 0.76 0.11235 0.765 0.060899999999999996 7.13992388079 
56078 0.775 0.06885000000000001 0.765 0.035075 6.71752200288 
231779 0.725 0.11510000000000002 0.71 0.06540000000000001 7.43432402941 
