172316 0.71 0.15410000000000001 0.725 0.11455 8.25080736634 
79186 0.78 0.08185 0.755 0.05537500000000001 8.31654940083 
129096 0.765 0.10205000000000002 0.75 0.069525 8.30805040359 
210254 0.785 0.170525 0.765 0.09809999999999999 8.33342983939 
34711 0.765 0.039525 0.77 0.08084999999999999 8.01043950519 
165708 0.78 0.144325 0.765 0.05845000000000001 8.32048179824 
94461 0.805 0.11280000000000001 0.785 0.05912500000000001 8.30069935469 
222455 0.775 0.13755 0.765 0.084725 8.36160453925 
46027 0.71 0.039425 0.72 0.038175 7.95198869883 
123537 0.73 0.08125 0.715 0.10535000000000001 8.28209427953 
86909 0.75 0.0862 0.755 0.07815 8.19955440362 
132439 0.755 0.12607500000000002 0.74 0.05737500000000001 8.22276551252 
185709 0.745 0.142625 0.73 0.047525000000000005 8.45807907778 
146761 0.8 0.11417500000000003 0.79 0.09305000000000002 8.29592942502 
62994 0.775 0.08172499999999999 0.785 0.06395 8.31591424538 
116278 0.76 0.09375 0.74 0.05227500000000001 8.26500196134 
103744 0.705 0.099925 0.7 0.03792500000000001 8.26542364875 
233797 0.73 0.1435 0.74 0.06525 8.38889662374 
180844 0.8 0.118175 0.795 0.074675 8.21240845253 
142639 0.77 0.10342500000000002 0.795 0.0967 8.32419883535 
240572 0.78 0.135025 0.795 0.045375000000000006 8.42731103487 
222453 0.75 0.17059999999999997 0.705 0.06105000000000001 8.3610424367 
102317 0.775 0.08082500000000001 0.795 0.05507500000000001 8.18785128647 
213302 0.75 0.15015 0.76 0.1014 8.24751808021 
145278 0.755 0.1429 0.775 0.08042500000000001 8.290558539 
71903 0.8 0.05755000000000001 0.825 0.06645000000000001 8.14173038249 
200348 0.74 0.163925 0.725 0.08377499999999999 8.37866913629 
86493 0.76 0.11235 0.775 0.06897500000000001 8.27921315864 
56078 0.775 0.06885000000000001 0.78 0.060925 8.30401002215 
231779 0.725 0.11510000000000002 0.72 0.066675 8.28375435776 
