172316 0.71 0.15410000000000001 0.72 0.09715 7.49942194432 
79186 0.78 0.08185 0.75 0.06430000000000001 7.23587322306 
129096 0.765 0.10205000000000002 0.785 0.08710000000000001 7.43154594777 
210254 0.785 0.170525 0.78 0.12532500000000002 7.74701231775 
34711 0.765 0.039525 0.77 0.10240000000000002 6.83959715247 
165708 0.78 0.144325 0.755 0.10287500000000001 7.34118716126 
94461 0.805 0.11280000000000001 0.775 0.063725 7.71897652749 
222455 0.775 0.13755 0.76 0.08777499999999999 7.68897886176 
46027 0.71 0.039425 0.725 0.0574 7.89855159421 
123537 0.73 0.08125 0.72 0.08649999999999998 7.30408459439 
86909 0.75 0.0862 0.75 0.12150000000000002 7.47290088619 
132439 0.755 0.12607500000000002 0.725 0.0574 7.40372445428 
185709 0.745 0.142625 0.735 0.04497500000000001 7.61695220692 
146761 0.8 0.11417500000000003 0.805 0.034874999999999996 7.54357676009 
62994 0.775 0.08172499999999999 0.8 0.075625 7.27479459831 
116278 0.76 0.09375 0.76 0.10012499999999999 7.24909224637 
103744 0.705 0.099925 0.7 0.046125000000000006 7.43841442494 
233797 0.73 0.1435 0.735 0.07945 7.56256697551 
180844 0.8 0.118175 0.825 0.08875 7.44905621026 
142639 0.77 0.10342500000000002 0.795 0.09690000000000001 7.51188146067 
240572 0.78 0.135025 0.77 0.08862500000000001 7.56215741523 
222453 0.75 0.17059999999999997 0.68 0.0318 7.43670926359 
102317 0.775 0.08082500000000001 0.795 0.10460000000000001 7.25742774822 
213302 0.75 0.15015 0.745 0.11575 7.60529820607 
145278 0.755 0.1429 0.765 0.07807499999999999 7.67162865541 
71903 0.8 0.05755000000000001 0.82 0.037075 7.68952543937 
200348 0.74 0.163925 0.735 0.0747 7.70503030403 
86493 0.76 0.11235 0.805 0.04937500000000001 7.68325840198 
56078 0.775 0.06885000000000001 0.78 0.056775 7.56570146796 
231779 0.725 0.11510000000000002 0.715 0.0644 7.3552476533 
