172316 0.71 0.15410000000000001 0.74 0.10435000000000003 7.59854450853 
79186 0.78 0.08185 0.74 0.05660000000000001 7.64327359543 
129096 0.765 0.10205000000000002 0.785 0.08070000000000001 7.57197478992 
210254 0.785 0.170525 0.765 0.127 7.62130196852 
34711 0.765 0.039525 0.77 0.092725 7.28542623164 
165708 0.78 0.144325 0.76 0.05285 7.57251320449 
94461 0.805 0.11280000000000001 0.78 0.06617500000000001 7.63735591081 
222455 0.775 0.13755 0.73 0.061950000000000005 7.5335679617 
46027 0.71 0.039425 0.735 0.037225 7.72202260786 
123537 0.73 0.08125 0.715 0.07615 7.45807869104 
86909 0.75 0.0862 0.745 0.08965 7.56436844955 
132439 0.755 0.12607500000000002 0.71 0.0723 7.6426419483 
185709 0.745 0.142625 0.735 0.050425000000000005 7.77408564412 
146761 0.8 0.11417500000000003 0.8 0.025450000000000004 7.50660071326 
62994 0.775 0.08172499999999999 0.79 0.090075 7.4865379643 
116278 0.76 0.09375 0.755 0.06575 7.56466901751 
103744 0.705 0.099925 0.685 0.04549999999999999 7.33761502826 
233797 0.73 0.1435 0.73 0.05367500000000001 7.7613265681 
180844 0.8 0.118175 0.805 0.075575 7.49925181907 
142639 0.77 0.10342500000000002 0.77 0.08865000000000002 7.72289259885 
240572 0.78 0.135025 0.795 0.09452500000000001 7.79536357936 
222453 0.75 0.17059999999999997 0.7 0.036525 7.60510939287 
102317 0.775 0.08082500000000001 0.755 0.08985 7.47660893154 
213302 0.75 0.15015 0.735 0.10150000000000002 7.52333855436 
145278 0.755 0.1429 0.785 0.06465000000000001 7.74853417698 
71903 0.8 0.05755000000000001 0.835 0.0662 7.72326558434 
200348 0.74 0.163925 0.745 0.062825 7.63545980917 
86493 0.76 0.11235 0.785 0.047925 7.564326267 
56078 0.775 0.06885000000000001 0.78 0.0385 7.60399376516 
231779 0.725 0.11510000000000002 0.74 0.07197500000000001 7.52677079708 
