526355 0.903682406281 0.0551 0.901470750857 0.026875
354633 0.901581333628 0.0476 0.895388698441 0.025675
398763 0.89527811567 0.03645 0.892624129161 0.02745
392261 0.892513546389 0.046775 0.893951122415 0.0218
466584 0.88609974566 0.05265 0.891518301449 0.034075
459004 0.895720446754 0.050175 0.891518301449 0.033525
410734 0.90080725423 0.04535 0.895499281212 0.028175
434086 0.903903571824 0.04995 0.901139002543 0.034075
417825 0.88886431494 0.0455 0.893177043017 0.02795
403227 0.8943934535 0.0501 0.88797965277 0.0309
610074 0.900254340374 0.064525 0.903018909654 0.0326
303364 0.894725201814 0.037125 0.891960632533 0.031825
528060 0.902244830255 0.058 0.896715691695 0.0324
432020 0.898153267721 0.041925 0.897821519407 0.0194
378704 0.899701426518 0.03855 0.901360168086 0.0284
440489 0.898374433263 0.05315 0.893840539644 0.02505
456861 0.89992259206 0.050125 0.898263850492 0.0377
454497 0.890854804821 0.051325 0.897710936636 0.027725
721515 0.899480260975 0.069375 0.898374433263 0.0266
324777 0.896936857238 0.044775 0.896936857238 0.030575
429433 0.893729956873 0.046625 0.895609863983 0.032125
556324 0.895499281212 0.056975 0.896052195068 0.0322
468906 0.902023664713 0.0505 0.899480260975 0.03675
404335 0.898706181577 0.046425 0.895167532898 0.0232
412300 0.89627336061 0.048925 0.894282870729 0.03055
567251 0.900254340374 0.05635 0.902576578569 0.023925
290182 0.896605108924 0.036425 0.893287625788 0.0255
360868 0.900364923145 0.0425 0.894946367356 0.025625
436876 0.902576578569 0.05065 0.902576578569 0.0261
436613 0.896052195068 0.052775 0.889748977109 0.022625
