142874 0.81774911715 0.00165 0.818670351604 0.0006
133345 0.818977429756 0.001825 0.820819898664 0.000825
95955 0.820666359589 0.001425 0.821741133118 0.00055
129393 0.82097343774 0.001275 0.822508828497 0.0005
125254 0.820512820513 0.002025 0.819591586059 0.0006
135780 0.815446031015 0.001675 0.815138952864 0.000625
143004 0.818977429756 0.001725 0.820512820513 0.000675
103600 0.813603562107 0.00135 0.814064179334 0.000425
138986 0.815138952864 0.001425 0.813910640258 0.00075
91088 0.81882389068 0.0021 0.818363273453 0.00045
130148 0.813296483955 0.001725 0.814524796561 0.00055
108051 0.821434054967 0.00185 0.822201750345 0.000475
166387 0.822969445724 0.001725 0.823276523875 0.0005
120679 0.809304467987 0.0016 0.807922616306 0.00065
121290 0.815753109166 0.001625 0.814678335636 0.000675
133987 0.817134960848 0.001775 0.817595578075 0.000675
147345 0.814678335636 0.0017 0.814217718409 0.0005
125222 0.81099339782 0.00125 0.81099339782 0.00045
120306 0.812528788577 0.002075 0.812682327652 0.0009
142728 0.822662367573 0.0016 0.823583602027 0.000825
133690 0.824811914632 0.0016 0.825118992784 0.000725
125422 0.826347305389 0.001725 0.826040227238 0.0004
140089 0.825272531859 0.001975 0.825272531859 0.00075
131244 0.812989405804 0.001475 0.812528788577 0.000675
130319 0.818516812529 0.00155 0.819438046983 0.000575
111104 0.828496852449 0.00155 0.826654383541 0.00045
109282 0.813757101182 0.001875 0.813603562107 0.000825
142935 0.81882389068 0.0018 0.819130968832 0.000675
89804 0.822355289421 0.00145 0.821126976816 0.000875
125362 0.816213726393 0.0016 0.816367265469 0.00065
