166989 0.897379188322 0.114175 0.897600353865 0.01645
89908 0.905009399536 0.091325 0.903350657967 0.068325
185776 0.893619374102 0.1282 0.893840539644 0.015
101092 0.893066460245 0.068925 0.892071215305 0.025025
166202 0.893840539644 0.128175 0.888532566626 0.00075
85547 0.899590843747 0.06735 0.898706181577 0.065025
145455 0.894172287958 0.1006 0.893951122415 0.002625
214290 0.895167532898 0.1361 0.894504036271 0.02665
153665 0.897932102178 0.1053 0.896052195068 0.003475
348596 0.892845294703 0.2247 0.88886431494 0.0003
137542 0.898927347119 0.110225 0.893398208559 0.013775
118700 0.890965387593 0.0819 0.889970142652 0.022275
115079 0.893177043017 0.096325 0.894061705186 0.01255
226271 0.898263850492 0.163775 0.898263850492 0.0021
123862 0.895941612297 0.09475 0.894835784585 0.00695
104120 0.899148512662 0.0929 0.898153267721 0.049875
53063 0.890965387593 0.047 0.890191308194 0.044
103247 0.899480260975 0.092525 0.898595598806 0.00585
112300 0.897379188322 0.07175 0.89350879133 0.061975
100544 0.895499281212 0.084275 0.895499281212 0.01065
71818 0.893729956873 0.0651 0.888311401084 0.0241
95141 0.898485016035 0.080375 0.895941612297 0.025675
122616 0.894614619042 0.106275 0.894504036271 0.003225
167020 0.894282870729 0.117475 0.893398208559 0.0094
69032 0.894946367356 0.0543 0.892071215305 0.038925
75337 0.900696671459 0.06495 0.900033174831 0.049525
78315 0.894504036271 0.076275 0.896052195068 0.04185
86755 0.894172287958 0.0637 0.892845294703 0.0405
172027 0.89627336061 0.127675 0.895388698441 0.008775
76618 0.896383943382 0.06825 0.894946367356 0.00265
