526355 0.903682406281 0.0551 0.902465995798 0.010825
354633 0.901581333628 0.0476 0.896052195068 0.0216
398763 0.89527811567 0.03645 0.894282870729 0.01725
392261 0.892513546389 0.046775 0.891518301449 0.013125
466584 0.88609974566 0.05265 0.890965387593 0.007975
459004 0.895720446754 0.050175 0.898595598806 0.028575
410734 0.90080725423 0.04535 0.901139002543 0.01415
434086 0.903903571824 0.04995 0.902576578569 0.021825
417825 0.88886431494 0.0455 0.895609863983 0.00985
403227 0.8943934535 0.0501 0.890412473737 0.005925
610074 0.900254340374 0.064525 0.901802499171 0.01045
303364 0.894725201814 0.037125 0.892624129161 0.015125
528060 0.902244830255 0.058 0.900033174831 0.011
432020 0.898153267721 0.041925 0.896715691695 0.012
378704 0.899701426518 0.03855 0.894504036271 0.013875
440489 0.898374433263 0.05315 0.893951122415 0.017275
456861 0.89992259206 0.050125 0.898706181577 0.012
454497 0.890854804821 0.051325 0.887537321685 0.0228
721515 0.899480260975 0.069375 0.901249585315 0.0095
324777 0.896936857238 0.044775 0.900143757603 0.02225
429433 0.893729956873 0.046625 0.893840539644 0.0296
556324 0.895499281212 0.056975 0.892845294703 0.009825
468906 0.902023664713 0.0505 0.898374433263 0.01845
404335 0.898706181577 0.046425 0.89715802278 0.00915
412300 0.89627336061 0.048925 0.893729956873 0.01265
567251 0.900254340374 0.05635 0.902355413027 0.008
290182 0.896605108924 0.036425 0.892292380847 0.03065
360868 0.900364923145 0.0425 0.897379188322 0.01125
436876 0.902576578569 0.05065 0.902244830255 0.008925
436613 0.896052195068 0.052775 0.897047440009 0.011125
