100837 0.845386150775 0.004475 0.831567633963 0.00905
98637 0.844311377246 0.01005 0.846153846154 0.01195
132117 0.82987870413 0.0112 0.832949485644 0.0142
78223 0.834791954552 0.003875 0.835866728082 0.021375
69910 0.815753109166 0.003625 0.836941501612 0.0095
129139 0.835406110855 0.006275 0.830032243206 0.017225
103519 0.843390142791 0.01 0.839705204975 0.00915
104493 0.832181790266 0.006825 0.834638415477 0.01425
155383 0.834791954552 0.01355 0.833870720098 0.0197
89423 0.837555657915 0.00395 0.839398126823 0.011225
107119 0.833410102871 0.005475 0.831721173039 0.012325
92452 0.825733149086 0.004725 0.816827882696 0.0077
98041 0.826500844465 0.0048 0.837555657915 0.016425
96965 0.833717181023 0.00705 0.828036235222 0.0171
118037 0.824811914632 0.01225 0.828957469676 0.007425
113468 0.836480884385 0.009825 0.836941501612 0.0171
139160 0.831260555811 0.00785 0.828189774298 0.007775
127457 0.832949485644 0.012975 0.841394134807 0.0077
112913 0.841394134807 0.013975 0.836941501612 0.017225
92679 0.837402118839 0.017775 0.828036235222 0.00955
169755 0.831721173039 0.012575 0.827268539843 0.006125
108643 0.827115000768 0.008925 0.840779978505 0.01345
97539 0.839705204975 0.00565 0.832795946568 0.011375
147586 0.835099032704 0.020425 0.82987870413 0.0124
76259 0.839398126823 0.0051 0.838016275142 0.021675
144674 0.836020267158 0.011275 0.834638415477 0.00715
119996 0.84093351758 0.007525 0.827115000768 0.02565
90600 0.83310302472 0.00445 0.836173806234 0.0089
126498 0.836941501612 0.00905 0.840319361277 0.0104
102402 0.832335329341 0.008625 0.832949485644 0.009725
