105338 0.735 0.1093 0.74 0.06585
157502 0.695 0.1 0.69 0.0625
47747 0.81 0.063875 0.82 0.03035
95724 0.74 0.088125 0.735 0.041375
100581 0.805 0.084975 0.765 0.029925
169225 0.805 0.099425 0.795 0.0612
192940 0.755 0.12225 0.755 0.094475
101959 0.825 0.109675 0.825 0.0407
76352 0.735 0.067075 0.71 0.03135
79031 0.74 0.088525 0.715 0.047025
47452 0.76 0.0595 0.76 0.014625
107567 0.75 0.088075 0.775 0.07195
144177 0.735 0.10895 0.75 0.047325
125560 0.74 0.097 0.75 0.08175
137531 0.77 0.109425 0.755 0.0464
125847 0.755 0.1065 0.755 0.047275
113588 0.775 0.1075 0.76 0.057725
153187 0.76 0.1022 0.765 0.05685
138440 0.76 0.117 0.72 0.037475
128175 0.775 0.11165 0.77 0.066325
100088 0.8 0.0847 0.79 0.038925
108524 0.785 0.0735 0.79 0.052175
77254 0.795 0.085625 0.775 0.0288
133790 0.755 0.115725 0.755 0.077075
76777 0.77 0.082075 0.765 0.047675
81561 0.78 0.08415 0.775 0.05095
151646 0.76 0.12755 0.8 0.077425
157387 0.775 0.120875 0.75 0.059975
89929 0.78 0.071325 0.8 0.0414
103880 0.745 0.08285 0.78 0.04865
