43380 0.826500844465 0.008125 0.826500844465 0.00515 0.916076853093
58769 0.812682327652 0.006975 0.812835866728 0.0069 0.749334250817
47292 0.816981421772 0.005675 0.817288499923 0.0050750000000000005 2.26127256386
77544 0.81099339782 0.006575 0.810532780593 0.0064 1.74769805167
76419 0.813757101182 0.0076 0.813603562107 0.006274999999999999 0.391067905636
33555 0.826193766314 0.00625 0.826040227238 0.00575 0.420124765069
37123 0.82097343774 0.005475 0.821280515891 0.004775000000000001 2.75804511766
67497 0.817288499923 0.0060999999999999995 0.817442038999 0.0049250000000000006 2.05549976486
39355 0.815446031015 0.005750000000000001 0.815446031015 0.004225 1.44099239717
37273 0.824658375557 0.00645 0.824658375557 0.0057 0.211989635323
31321 0.81667434362 0.00615 0.817288499923 0.00565 0.513171180871
39290 0.811454015047 0.005900000000000001 0.811454015047 0.005725 0.711751839874
57511 0.821434054967 0.00605 0.821434054967 0.00505 3.26179287091
44304 0.815138952864 0.005625 0.814678335636 0.00525 1.19081139471
41597 0.815446031015 0.005575 0.815292491939 0.0044 1.20333545846
53041 0.820819898664 0.00695 0.821280515891 0.005425 2.01519969093
55633 0.815753109166 0.007249999999999999 0.816060187318 0.006325 0.601944495534
39125 0.821280515891 0.005725 0.821434054967 0.0055000000000000005 0.445892769898
61508 0.820512820513 0.0072250000000000005 0.820819898664 0.005725 2.70017399063
52260 0.818977429756 0.006075 0.818977429756 0.005350000000000001 1.04741910465
51251 0.813450023031 0.007949999999999999 0.813757101182 0.0060999999999999995 1.43736444289
69075 0.816060187318 0.006599999999999999 0.815292491939 0.005350000000000001 1.43344270634
59071 0.81989866421 0.007025 0.819130968832 0.007124999999999999 0.525829580785
40961 0.814371257485 0.00655 0.814371257485 0.0055000000000000005 1.06858179289
46450 0.830339321357 0.00645 0.829571625979 0.006274999999999999 0.744153717954
42039 0.819284507907 0.006500000000000001 0.818670351604 0.006475 0.898654828965
33505 0.8231229848 0.006299999999999999 0.822969445724 0.006424999999999999 0.397345016501
56512 0.816213726393 0.00555 0.816060187318 0.00475 1.20655533992
72578 0.820512820513 0.0076749999999999995 0.821587594043 0.0050750000000000005 1.51791748926
29815 0.8231229848 0.005175000000000001 0.823276523875 0.004825 1.16454541847
