43380 0.826500844465 0.008125 0.826040227238 0.0037750000000000006 3.69452529536
58769 0.812682327652 0.006975 0.812682327652 0.0054 3.42898897582
47292 0.816981421772 0.005675 0.817134960848 0.005449999999999999 3.81350537632
77544 0.81099339782 0.006575 0.808997389836 0.0048000000000000004 3.78584396338
76419 0.813757101182 0.0076 0.813910640258 0.005350000000000001 3.52971839766
33555 0.826193766314 0.00625 0.826807922616 0.0050750000000000005 3.76997669742
37123 0.82097343774 0.005475 0.820666359589 0.005175000000000001 4.1771990005
67497 0.817288499923 0.0060999999999999995 0.817442038999 0.005024999999999999 4.17889329508
39355 0.815446031015 0.005750000000000001 0.815599570091 0.004775000000000001 3.64629089884
37273 0.824658375557 0.00645 0.824351297405 0.0050750000000000005 3.43253656064
31321 0.81667434362 0.00615 0.816981421772 0.00385 3.80007358224
39290 0.811454015047 0.005900000000000001 0.811454015047 0.004875000000000001 3.25760195784
57511 0.821434054967 0.00605 0.821280515891 0.0050750000000000005 3.29787573493
44304 0.815138952864 0.005625 0.814985413788 0.0052 4.0075286428
41597 0.815446031015 0.005575 0.815138952864 0.0041 4.23354175273
53041 0.820819898664 0.00695 0.820512820513 0.004525 3.61234316977
55633 0.815753109166 0.007249999999999999 0.816213726393 0.006875 4.22639744799
39125 0.821280515891 0.005725 0.820666359589 0.004200000000000001 3.63185937051
61508 0.820512820513 0.0072250000000000005 0.820666359589 0.004075 3.31731989762
52260 0.818977429756 0.006075 0.819745125134 0.005449999999999999 3.60338866671
51251 0.813450023031 0.007949999999999999 0.813603562107 0.0051 3.5259102834
69075 0.816060187318 0.006599999999999999 0.815753109166 0.004675 3.71959539303
59071 0.81989866421 0.007025 0.819438046983 0.004875000000000001 3.43194526569
40961 0.814371257485 0.00655 0.815446031015 0.00515 3.00906563315
46450 0.830339321357 0.00645 0.829571625979 0.004825 3.31193406655
42039 0.819284507907 0.006500000000000001 0.818670351604 0.004775000000000001 3.49629017902
33505 0.8231229848 0.006299999999999999 0.822815906648 0.004725 3.87292214356
56512 0.816213726393 0.00555 0.815446031015 0.00425 3.97850508907
72578 0.820512820513 0.0076749999999999995 0.82097343774 0.0046500000000000005 3.39195361391
29815 0.8231229848 0.005175000000000001 0.824351297405 0.00425 3.46896397954
