43380 0.826500844465 0.008125 0.826500844465 0.0033499999999999997 4.37104004681
58769 0.812682327652 0.006975 0.812835866728 0.0037250000000000004 4.25688279149
47292 0.816981421772 0.005675 0.816981421772 0.0038250000000000003 4.16084181522
77544 0.81099339782 0.006575 0.809458007063 0.00395 4.51381777868
76419 0.813757101182 0.0076 0.814985413788 0.004625000000000001 4.21799647463
33555 0.826193766314 0.00625 0.826807922616 0.003975 4.51310880545
37123 0.82097343774 0.005475 0.820512820513 0.004525 4.47850522989
67497 0.817288499923 0.0060999999999999995 0.818056195302 0.00385 5.64637354807
39355 0.815446031015 0.005750000000000001 0.814678335636 0.00395 4.50529898959
37273 0.824658375557 0.00645 0.824351297405 0.0050500000000000015 4.48990968132
31321 0.81667434362 0.00615 0.816981421772 0.004125 4.25658860691
39290 0.811454015047 0.005900000000000001 0.810532780593 0.004675 4.39407627023
57511 0.821434054967 0.00605 0.820666359589 0.0034000000000000002 4.2497714799
44304 0.815138952864 0.005625 0.814678335636 0.00395 5.20762158218
41597 0.815446031015 0.005575 0.815906648242 0.0036749999999999994 4.73417744068
53041 0.820819898664 0.00695 0.820052203286 0.002625 4.26810858927
55633 0.815753109166 0.007249999999999999 0.816827882696 0.003725 4.59615978791
39125 0.821280515891 0.005725 0.820359281437 0.0033499999999999997 4.13207601271
61508 0.820512820513 0.0072250000000000005 0.82097343774 0.0037250000000000004 4.23579943574
52260 0.818977429756 0.006075 0.819438046983 0.0044 4.41221543788
51251 0.813450023031 0.007949999999999999 0.813450023031 0.003175 4.23302645377
69075 0.816060187318 0.006599999999999999 0.815446031015 0.0033750000000000004 4.39229474396
59071 0.81989866421 0.007025 0.819284507907 0.004300000000000001 4.29459917179
40961 0.814371257485 0.00655 0.815753109166 0.0030500000000000006 4.10553714084
46450 0.830339321357 0.00645 0.829418086903 0.003575 4.0945605844
42039 0.819284507907 0.006500000000000001 0.818977429756 0.004225 4.05051696903
33505 0.8231229848 0.006299999999999999 0.823890680178 0.0034999999999999996 4.29334710939
56512 0.816213726393 0.00555 0.814678335636 0.00285 4.21481444284
72578 0.820512820513 0.0076749999999999995 0.820819898664 0.004 3.97370084218
29815 0.8231229848 0.005175000000000001 0.823276523875 0.004325000000000001 4.08333078164
