382513 0.895720446754 0.043225000000000006 0.896162777839 0.006525 5.96412014055 
475134 0.89804268495 0.04845000000000001 0.892513546389 0.0245 6.05808888821 
312829 0.900254340374 0.03515000000000001 0.900475505916 0.010249999999999999 6.09011429184 
395159 0.894725201814 0.04800000000000001 0.898153267721 0.0208 5.98287517631 
404234 0.900586088687 0.04710000000000001 0.899812009289 0.023849999999999996 5.94797478654 
648500 0.898927347119 0.07460000000000001 0.894835784585 0.0329 6.01091233964 
492935 0.896052195068 0.05102500000000001 0.900033174831 0.008075 6.04494336214 
417454 0.897710936636 0.04925000000000001 0.898374433263 0.018500000000000003 6.12600577494 
389294 0.899480260975 0.04950000000000001 0.89350879133 0.018075 6.05896388273 
483596 0.898706181577 0.049550000000000004 0.89804268495 0.00955 5.9944975457 
407385 0.902355413027 0.04297499999999999 0.894835784585 0.016925 6.06616624596 
491554 0.896162777839 0.049975000000000006 0.8943934535 0.01705 6.08571968625 
540369 0.89992259206 0.06375 0.886984407829 0.024425000000000002 6.12381196053 
509134 0.903129492425 0.06415000000000001 0.895056950127 0.004350000000000001 6.03957060624 
533691 0.897047440009 0.05657500000000001 0.898374433263 0.015375000000000002 6.06212703551 
391775 0.899369678204 0.04875000000000001 0.897600353865 0.01785 6.09825010691 
310347 0.89350879133 0.036950000000000004 0.898153267721 0.00825 5.69139392294 
251285 0.892955877474 0.030549999999999997 0.898485016035 0.025325 6.03418597122 
570406 0.89527811567 0.057025000000000006 0.901139002543 0.012375000000000002 6.02471932525 
439556 0.897821519407 0.041225000000000005 0.895388698441 0.04040000000000001 5.75876792325 
409715 0.894946367356 0.049800000000000004 0.889638394338 0.008674999999999999 6.0535229662 
429481 0.887647904456 0.04975 0.896494526153 0.0174 6.05204653572 
473174 0.899590843747 0.05285 0.899037929891 0.009875 6.04564770543 
315225 0.896383943382 0.034874999999999996 0.89627336061 0.026825 6.07878403814 
437362 0.900475505916 0.04800000000000001 0.903018909654 0.011699999999999999 6.04460830957 
322385 0.898374433263 0.034300000000000004 0.900143757603 0.028075000000000003 5.89874686508 
286035 0.891518301449 0.044375 0.891739466991 0.0168 6.10839747324 
431218 0.894504036271 0.05142500000000001 0.894725201814 0.0204 6.05333357758 
451808 0.900364923145 0.048725000000000004 0.906446975561 0.01955 6.11308940863 
375145 0.894282870729 0.041025 0.899590843747 0.015025 6.01401197839 
