382513 0.895720446754 0.043225000000000006 0.893951122415 0.0066749999999999995 5.74485343631 
475134 0.89804268495 0.04845000000000001 0.897710936636 0.016725 5.89352297548 
312829 0.900254340374 0.03515000000000001 0.899369678204 0.017025000000000002 5.94006978925 
395159 0.894725201814 0.04800000000000001 0.89350879133 0.020250000000000004 5.82510717694 
404234 0.900586088687 0.04710000000000001 0.89804268495 0.007925 5.57751860399 
648500 0.898927347119 0.07460000000000001 0.901249585315 0.025925000000000004 5.81862409744 
492935 0.896052195068 0.05102500000000001 0.898153267721 0.0059 5.84876131275 
417454 0.897710936636 0.04925000000000001 0.892624129161 0.009850000000000001 5.991095226 
389294 0.899480260975 0.04950000000000001 0.898263850492 0.015275 5.92879029537 
483596 0.898706181577 0.049550000000000004 0.895499281212 0.00515 5.82435792319 
407385 0.902355413027 0.04297499999999999 0.898485016035 0.017025000000000002 5.90468426044 
491554 0.896162777839 0.049975000000000006 0.893066460245 0.018225 5.9102856844 
540369 0.89992259206 0.06375 0.895831029526 0.016774999999999998 5.98456104652 
509134 0.903129492425 0.06415000000000001 0.899037929891 0.011825 5.80360897996 
533691 0.897047440009 0.05657500000000001 0.899590843747 0.011975 5.83162493657 
391775 0.899369678204 0.04875000000000001 0.896494526153 0.015 5.97806680638 
310347 0.89350879133 0.036950000000000004 0.898153267721 0.012075 5.4479323551 
251285 0.892955877474 0.030549999999999997 0.896494526153 0.018325 5.81388435591 
570406 0.89527811567 0.057025000000000006 0.901249585315 0.014875000000000001 5.82968676998 
439556 0.897821519407 0.041225000000000005 0.897489771094 0.030525000000000004 5.53986968808 
409715 0.894946367356 0.049800000000000004 0.893398208559 0.012650000000000002 5.86915136677 
429481 0.887647904456 0.04975 0.899480260975 0.013325 5.83958416623 
473174 0.899590843747 0.05285 0.897710936636 0.010875 5.78240515377 
315225 0.896383943382 0.034874999999999996 0.897821519407 0.01685 5.92412432361 
437362 0.900475505916 0.04800000000000001 0.904014154595 0.016200000000000003 5.92924079892 
322385 0.898374433263 0.034300000000000004 0.900033174831 0.029800000000000004 5.78191074699 
286035 0.891518301449 0.044375 0.889527811567 0.0062250000000000005 5.93432546634 
431218 0.894504036271 0.05142500000000001 0.894172287958 0.004300000000000001 5.92690966693 
451808 0.900364923145 0.048725000000000004 0.902134247484 0.01555 6.0059195951 
375145 0.894282870729 0.041025 0.900586088687 0.0144 5.80068956034 
