382513 0.895720446754 0.043225000000000006 0.895609863983 0.017650000000000002 5.77407040437 
475134 0.89804268495 0.04845000000000001 0.89715802278 0.019325000000000002 5.91802423737 
312829 0.900254340374 0.03515000000000001 0.900143757603 0.016050000000000002 5.97674108725 
395159 0.894725201814 0.04800000000000001 0.889085480482 0.018025 5.84760359682 
404234 0.900586088687 0.04710000000000001 0.898263850492 0.016075 5.69789015533 
648500 0.898927347119 0.07460000000000001 0.896494526153 0.0241 5.83387698528 
492935 0.896052195068 0.05102500000000001 0.898706181577 0.008975 5.94322087069 
417454 0.897710936636 0.04925000000000001 0.892955877474 0.014825 6.03320394391 
389294 0.899480260975 0.04950000000000001 0.896936857238 0.01295 5.96859696981 
483596 0.898706181577 0.049550000000000004 0.898816764348 0.012624999999999999 5.8052340781 
407385 0.902355413027 0.04297499999999999 0.894946367356 0.021075 5.88208670968 
491554 0.896162777839 0.049975000000000006 0.893840539644 0.0123 5.95624454997 
540369 0.89992259206 0.06375 0.89350879133 0.0208 5.99803777411 
509134 0.903129492425 0.06415000000000001 0.89804268495 0.008025 5.85853078158 
533691 0.897047440009 0.05657500000000001 0.895720446754 0.01775 5.94034699743 
391775 0.899369678204 0.04875000000000001 0.89804268495 0.011875 5.99787754538 
310347 0.89350879133 0.036950000000000004 0.899037929891 0.0097 5.62776478967 
251285 0.892955877474 0.030549999999999997 0.891739466991 0.0219 5.86077834971 
570406 0.89527811567 0.057025000000000006 0.89992259206 0.014874999999999998 5.85871729723 
439556 0.897821519407 0.041225000000000005 0.901139002543 0.028425000000000002 5.60620828909 
409715 0.894946367356 0.049800000000000004 0.889306646025 0.025099999999999997 5.88521444298 
429481 0.887647904456 0.04975 0.899037929891 0.013275000000000002 5.90518049048 
473174 0.899590843747 0.05285 0.896826274466 0.01045 5.9342417049 
315225 0.896383943382 0.034874999999999996 0.895941612297 0.016575000000000003 5.98107340521 
437362 0.900475505916 0.04800000000000001 0.898263850492 0.021825 5.91441834476 
322385 0.898374433263 0.034300000000000004 0.901028419772 0.0242 5.81804517354 
286035 0.891518301449 0.044375 0.890301890965 0.0092 5.9742754037 
431218 0.894504036271 0.05142500000000001 0.894835784585 0.01155 5.91804647972 
451808 0.900364923145 0.048725000000000004 0.899480260975 0.012174999999999998 6.02008093324 
375145 0.894282870729 0.041025 0.900033174831 0.017925 5.85023059574 
