69558 0.785 0.08900000000000002 0.785 0.037725 7.05656705286 
116177 0.73 0.080175 0.785 0.09180000000000002 6.60643137531 
77786 0.755 0.08025 0.745 0.04655 6.77128752093 
108902 0.815 0.085775 0.785 0.04797500000000001 6.95302661893 
137160 0.705 0.10517500000000002 0.71 0.07025 7.01960175194 
108530 0.715 0.08905000000000002 0.69 0.036925 6.87370330775 
89339 0.76 0.075975 0.77 0.041400000000000006 6.41017121642 
93195 0.825 0.08227499999999999 0.845 0.0536 6.88947901646 
88352 0.765 0.09022500000000001 0.74 0.020650000000000005 6.85840405196 
146983 0.805 0.11492500000000001 0.78 0.07577500000000001 7.03220669727 
118743 0.8 0.10495000000000002 0.785 0.055975000000000004 6.68163674937 
117665 0.745 0.09442500000000001 0.75 0.04465000000000001 7.18605039254 
91410 0.715 0.073175 0.73 0.0649 6.61325569478 
94027 0.775 0.09665000000000001 0.785 0.038525000000000004 6.88494194719 
101492 0.78 0.11207500000000001 0.785 0.04775 7.14981283046 
111153 0.78 0.09700000000000003 0.79 0.06492500000000001 6.70685020359 
62812 0.745 0.06657500000000001 0.78 0.05692500000000001 6.60466081304 
106049 0.805 0.08015 0.79 0.054575000000000005 6.6668908668 
75670 0.775 0.06 0.79 0.03725 6.0133504605 
91490 0.72 0.0719 0.75 0.04850000000000001 6.66661243985 
152155 0.735 0.11800000000000001 0.74 0.063725 7.00905324063 
76202 0.735 0.06437500000000002 0.725 0.04335 7.12438367063 
118604 0.75 0.082375 0.79 0.059125 6.76379312869 
82149 0.745 0.084725 0.755 0.041725000000000005 6.70258308057 
68585 0.735 0.08842500000000002 0.735 0.039349999999999996 6.49620330775 
81226 0.75 0.087875 0.73 0.03365 6.80355134559 
74486 0.755 0.07390000000000001 0.745 0.037225 6.7417571644 
87697 0.8 0.08620000000000001 0.805 0.053475 6.15110706413 
135626 0.79 0.1176 0.78 0.04435000000000001 6.91773653446 
92605 0.835 0.08815 0.815 0.035225 6.91053402229 
