69558 0.785 0.08900000000000002 0.78 0.0397 2.436264565 
116177 0.73 0.080175 0.76 0.09195 3.88559798673 
77786 0.755 0.08025 0.75 0.066875 2.82347537832 
108902 0.815 0.085775 0.78 0.067075 3.2100691164 
137160 0.705 0.10517500000000002 0.725 0.08035 2.60114740965 
108530 0.715 0.08905000000000002 0.7 0.044775 2.37309342869 
89339 0.76 0.075975 0.755 0.038775000000000004 3.44925518926 
93195 0.825 0.08227499999999999 0.815 0.07602500000000001 3.33301509953 
88352 0.765 0.09022500000000001 0.77 0.050550000000000005 2.12355069641 
146983 0.805 0.11492500000000001 0.79 0.078475 2.42744842513 
118743 0.8 0.10495000000000002 0.775 0.079275 3.45005107763 
117665 0.745 0.09442500000000001 0.74 0.06922500000000001 3.17022263935 
91410 0.715 0.073175 0.755 0.05462500000000001 2.45547467113 
94027 0.775 0.09665000000000001 0.77 0.07345 2.81714950083 
101492 0.78 0.11207500000000001 0.795 0.08737500000000001 3.60069015575 
111153 0.78 0.09700000000000003 0.79 0.08467500000000001 2.42121522771 
62812 0.745 0.06657500000000001 0.76 0.05182500000000001 1.11051548627 
106049 0.805 0.08015 0.795 0.0645 3.5466727993 
75670 0.775 0.06 0.78 0.07020000000000001 3.78492086973 
91490 0.72 0.0719 0.74 0.063775 2.26309906408 
152155 0.735 0.11800000000000001 0.73 0.08435000000000001 3.13886410975 
76202 0.735 0.06437500000000002 0.705 0.050725 2.80654752236 
118604 0.75 0.082375 0.76 0.07435 2.53705817435 
82149 0.745 0.084725 0.765 0.04567500000000001 1.61651714927 
68585 0.735 0.08842500000000002 0.74 0.06390000000000001 2.40685693015 
81226 0.75 0.087875 0.73 0.049525000000000007 2.34412964989 
74486 0.755 0.07390000000000001 0.735 0.035750000000000004 1.66962886535 
87697 0.8 0.08620000000000001 0.825 0.053450000000000004 4.13307272416 
135626 0.79 0.1176 0.76 0.08747499999999998 3.17386236941 
92605 0.835 0.08815 0.81 0.03905 2.58493929524 
