95806 0.837402118839 0.010575 0.836020267158 0.00645 2.85543723252 
91143 0.833717181023 0.0048 0.820359281437 0.009524999999999999 3.38941935586 
149362 0.824811914632 0.026675000000000004 0.834638415477 0.010025 2.90142848451 
101739 0.835713189007 0.0045 0.834024259174 0.016325 2.99772947172 
92232 0.83525257178 0.0066749999999999995 0.836480884385 0.0189 3.08927881781 
130548 0.841087056656 0.016 0.828496852449 0.011325 3.16670086308 
121144 0.829264547827 0.007124999999999999 0.833717181023 0.011500000000000002 2.97059876598 
133211 0.839705204975 0.0053 0.836327345309 0.009550000000000001 3.06135428732 
107826 0.840779978505 0.008625 0.83985874405 0.0072 3.21650930431 
99593 0.837555657915 0.0094 0.83202825119 0.013900000000000001 3.50785080185 
237278 0.832949485644 0.02365 0.833256563795 0.0137 3.19401212893 
155535 0.842161830186 0.014100000000000001 0.815906648242 0.021775000000000003 3.46932198299 
90439 0.841394134807 0.004275 0.837862736066 0.016774999999999998 3.72837605844 
129531 0.838323353293 0.009625 0.833563641947 0.0146 2.95709107365 
141849 0.836327345309 0.009775 0.836787962536 0.008825 3.40025687341 
129795 0.83525257178 0.009975000000000001 0.840165822202 0.01125 3.24905934728 
157195 0.810532780593 0.013425 0.832335329341 0.013125 3.38864578151 
104465 0.83878397052 0.004675 0.833870720098 0.011850000000000001 3.24812969361 
100160 0.834484876401 0.0046 0.825579610011 0.01855 3.06123150364 
145349 0.826040227238 0.0164 0.832949485644 0.011125000000000001 3.53192722649 
98914 0.836020267158 0.00445 0.839398126823 0.0313 2.60872615237 
104306 0.835713189007 0.006975 0.838016275142 0.007749999999999999 2.96927981981 
90401 0.829111008752 0.005025000000000001 0.830185782282 0.00845 2.81286069208 
103198 0.832335329341 0.006274999999999999 0.836941501612 0.009775 2.95552342661 
118369 0.843236603716 0.00605 0.838016275142 0.004425 2.80407856462 
144614 0.830032243206 0.0066749999999999995 0.824965453708 0.01805 3.21955018554 
110286 0.836634423461 0.006100000000000001 0.830339321357 0.016524999999999998 3.16134446424 
121073 0.837862736066 0.007975 0.833410102871 0.022950000000000005 3.59585942534 
151097 0.831107016736 0.010249999999999999 0.829571625979 0.020625 3.44212344068 
105660 0.831107016736 0.005024999999999999 0.83095347766 0.017775 3.18892560358 
