95806 0.837402118839 0.010575 0.834945493628 0.007275 4.47971980446 
91143 0.833717181023 0.0048 0.839244587748 0.017925 4.12802548732 
149362 0.824811914632 0.026675000000000004 0.836327345309 0.013875 5.9706358668 
101739 0.835713189007 0.0045 0.833870720098 0.013774999999999999 5.27666895416 
92232 0.83525257178 0.0066749999999999995 0.838169814218 0.005549999999999999 4.45997852838 
130548 0.841087056656 0.016 0.837402118839 0.010725 5.48741605597 
121144 0.829264547827 0.007124999999999999 0.837555657915 0.017975 4.78083303027 
133211 0.839705204975 0.0053 0.837555657915 0.01455 5.43563833202 
107826 0.840779978505 0.008625 0.841547673883 0.00855 5.10814926275 
99593 0.837555657915 0.0094 0.830799938584 0.0142 4.96756664902 
237278 0.832949485644 0.02365 0.831107016736 0.015700000000000002 4.89187288214 
155535 0.842161830186 0.014100000000000001 0.836634423461 0.021875 4.83646211275 
90439 0.841394134807 0.004275 0.835866728082 0.024725 5.68850162564 
129531 0.838323353293 0.009625 0.831567633963 0.008475 5.37455499511 
141849 0.836327345309 0.009775 0.838476892369 0.021525 6.32606230693 
129795 0.83525257178 0.009975000000000001 0.840165822202 0.010975000000000002 5.4742146765 
157195 0.810532780593 0.013425 0.816981421772 0.008175000000000002 5.78743049786 
104465 0.83878397052 0.004675 0.829725165055 0.012325 5.77515516371 
100160 0.834484876401 0.0046 0.8231229848 0.0316 4.59344105104 
145349 0.826040227238 0.0164 0.827882696146 0.01705 4.55616722394 
98914 0.836020267158 0.00445 0.835866728082 0.008175 4.02215572843 
104306 0.835713189007 0.006975 0.836327345309 0.013500000000000002 5.17294078286 
90401 0.829111008752 0.005025000000000001 0.830185782282 0.007949999999999999 6.76962160565 
103198 0.832335329341 0.006274999999999999 0.832795946568 0.013000000000000003 6.29566854212 
118369 0.843236603716 0.00605 0.837555657915 0.008374999999999999 4.58726660458 
144614 0.830032243206 0.0066749999999999995 0.827575617995 0.014700000000000001 4.76819456898 
110286 0.836634423461 0.006100000000000001 0.827422078919 0.008625 6.49108068008 
121073 0.837862736066 0.007975 0.837248579764 0.011750000000000003 4.84810665606 
151097 0.831107016736 0.010249999999999999 0.834331337325 0.014375 7.2769057252 
105660 0.831107016736 0.005024999999999999 0.83202825119 0.0165 5.46023376753 
