77750 0.765 0.08795000000000001 0.74 0.135275 7.37742995818
190316 0.705 0.20292499999999997 0.67 0.15175 8.02518255626
199309 0.7 0.18585000000000002 0.655 0.07557499999999999 7.99599369333
81038 0.73 0.074075 0.74 0.092 7.89345602738
96069 0.71 0.08302499999999999 0.705 0.035500000000000004 7.26715753954
211864 0.72 0.193475 0.715 0.0242 8.05007306671
206126 0.72 0.22329999999999997 0.75 0.12705 7.93335735281
186288 0.765 0.18432499999999996 0.735 0.15972499999999998 7.77234205714
88590 0.7 0.115975 0.68 0.07105 8.14931608738
222699 0.745 0.233675 0.75 0.059400000000000015 7.99927517555
78872 0.73 0.078825 0.735 0.17185000000000003 7.59751761059
183443 0.715 0.19920000000000002 0.725 0.09045 7.88107076559
90257 0.725 0.09515000000000001 0.73 0.0196 7.89003197532
373585 0.775 0.3041 0.81 0.10032500000000001 7.87559112205
93666 0.73 0.10830000000000001 0.75 0.121875 7.82578323637
233043 0.735 0.23895 0.715 0.104275 8.12687071476
162453 0.765 0.18012499999999998 0.74 0.1361 7.97558864967
143943 0.735 0.16135 0.73 0.1602 7.96248189217
79501 0.75 0.08129999999999998 0.735 0.035975 7.94654092012
312955 0.75 0.28497500000000003 0.715 0.13117499999999999 8.03071704817
149783 0.735 0.1808 0.755 0.07585000000000001 7.847243203
105592 0.7 0.11517500000000001 0.73 0.09787500000000002 7.93264576047
171568 0.73 0.1834 0.73 0.17340000000000003 7.89067899546
282666 0.74 0.209425 0.75 0.14865 7.75852319626
203600 0.74 0.159675 0.765 0.150975 7.99689581158
142181 0.72 0.15447499999999997 0.71 0.09445 7.85956849209
127272 0.775 0.134725 0.69 0.100975 8.1075600694
242831 0.79 0.2212 0.79 0.12585000000000002 7.85725434947
103202 0.765 0.125075 0.74 0.0339 7.7208728225
162081 0.715 0.18164999999999998 0.7 0.05537500000000001 7.91045730915
