77750 0.765 0.08795000000000001 0.74 0.10092500000000001 1.83388806015
190316 0.705 0.20292499999999997 0.705 0.24762500000000004 4.28969871381
199309 0.7 0.18585000000000002 0.655 0.0931 3.42423674992
81038 0.73 0.074075 0.76 0.05945000000000001 3.0404030409
96069 0.71 0.08302499999999999 0.71 0.09345 3.38398185901
211864 0.72 0.193475 0.735 0.08287500000000002 5.02949320162
206126 0.72 0.22329999999999997 0.71 0.26737500000000003 3.90499738949
186288 0.765 0.18432499999999996 0.73 0.172025 2.80741698849
88590 0.7 0.115975 0.685 0.20090000000000002 1.91117992364
222699 0.745 0.233675 0.765 0.128125 3.77637203796
78872 0.73 0.078825 0.74 0.08992500000000002 1.71412702556
183443 0.715 0.19920000000000002 0.75 0.074575 4.03720200112
90257 0.725 0.09515000000000001 0.695 0.07845 2.82195628153
373585 0.775 0.3041 0.775 0.15215 3.36751857745
93666 0.73 0.10830000000000001 0.715 0.0769 2.74484727817
233043 0.735 0.23895 0.695 0.15012499999999998 3.65520578844
162453 0.765 0.18012499999999998 0.74 0.10477500000000001 4.25269965579
143943 0.735 0.16135 0.735 0.12785 2.42585344394
79501 0.75 0.08129999999999998 0.775 0.10475000000000001 1.7532122415
312955 0.75 0.28497500000000003 0.75 0.051375000000000004 4.43150524313
149783 0.735 0.1808 0.745 0.050575 3.52370843209
105592 0.7 0.11517500000000001 0.735 0.110575 4.00219697346
171568 0.73 0.1834 0.735 0.12567500000000004 3.378687327
282666 0.74 0.209425 0.72 0.105675 3.99169052038
203600 0.74 0.159675 0.76 0.07245000000000001 5.83645899977
142181 0.72 0.15447499999999997 0.68 0.1016 2.70011520782
127272 0.775 0.134725 0.745 0.147775 3.18826742137
242831 0.79 0.2212 0.755 0.125775 3.76000796965
103202 0.765 0.125075 0.735 0.196925 3.81565313896
162081 0.715 0.18164999999999998 0.715 0.05682500000000001 4.26270569174
