77750 0.765 0.08795000000000001 0.76 0.08747500000000001 7.47572935486
190316 0.705 0.20292499999999997 0.685 0.13477499999999998 8.05324287704
199309 0.7 0.18585000000000002 0.68 0.1002 7.86910471881
81038 0.73 0.074075 0.735 0.06335 7.63331848518
96069 0.71 0.08302499999999999 0.69 0.08355 6.93515038758
211864 0.72 0.193475 0.73 0.039599999999999996 7.96858011646
206126 0.72 0.22329999999999997 0.74 0.117225 7.82045152183
186288 0.765 0.18432499999999996 0.755 0.155775 7.6557092995
88590 0.7 0.115975 0.68 0.10662500000000001 8.04135794949
222699 0.745 0.233675 0.77 0.1494 7.98868942646
78872 0.73 0.078825 0.72 0.1475 7.74013432395
183443 0.715 0.19920000000000002 0.745 0.15112499999999998 7.96162549241
90257 0.725 0.09515000000000001 0.72 0.030725 7.85384602954
373585 0.775 0.3041 0.79 0.22594999999999998 7.67221969459
93666 0.73 0.10830000000000001 0.74 0.12332499999999999 7.54039502981
233043 0.735 0.23895 0.72 0.132475 7.85196219317
162453 0.765 0.18012499999999998 0.75 0.194625 7.78935815944
143943 0.735 0.16135 0.72 0.1184 7.86459024636
79501 0.75 0.08129999999999998 0.76 0.028525000000000002 7.81107356946
312955 0.75 0.28497500000000003 0.725 0.173925 7.99306429869
149783 0.735 0.1808 0.75 0.16197499999999998 7.80962086808
105592 0.7 0.11517500000000001 0.725 0.08940000000000001 7.7422604821
171568 0.73 0.1834 0.715 0.10875 7.86815202018
282666 0.74 0.209425 0.735 0.06817500000000001 7.75368792092
203600 0.74 0.159675 0.755 0.12272500000000001 7.82617076614
142181 0.72 0.15447499999999997 0.715 0.04019999999999999 7.79163850353
127272 0.775 0.134725 0.73 0.078575 7.93905521577
242831 0.79 0.2212 0.77 0.10845 7.68084040519
103202 0.765 0.125075 0.75 0.032549999999999996 7.66920900115
162081 0.715 0.18164999999999998 0.725 0.060375000000000005 7.87707985955
