414999 0.832949485644 0.014375 0.837248579764 0.020775 3.68055032206 
544654 0.825272531859 0.012199999999999999 0.831567633963 0.0034750000000000002 3.90837183109 
440769 0.83095347766 0.013300000000000001 0.825886688162 0.004550000000000001 3.93136157818 
263760 0.842929525564 0.0121 0.838323353293 0.0175 3.91585120794 
1145557 0.830185782282 0.04682500000000001 0.83310302472 0.024050000000000002 3.9057372116 
408438 0.838169814218 0.02105 0.837095040688 0.0152 3.61356724693 
864454 0.830646399509 0.01985 0.829264547827 0.005 3.75948651683 
314876 0.840779978505 0.008275000000000001 0.842161830186 0.006475 3.73959193378 
384662 0.83525257178 0.016125 0.84308306464 0.021100000000000004 3.86735665074 
623879 0.834331337325 0.035750000000000004 0.837555657915 0.017575 4.03069137992 
278237 0.844464916321 0.0075499999999999986 0.834945493628 0.005124999999999999 3.89433843959 
260853 0.836787962536 0.023125 0.832795946568 0.013349999999999999 3.84919216756 
271688 0.833256563795 0.00785 0.8231229848 0.007124999999999999 3.86983175472 
500018 0.836787962536 0.0178 0.831414094887 0.00625 3.81283568947 
488613 0.842315369261 0.009325 0.842468908337 0.0039000000000000003 3.80228003017 
496676 0.829571625979 0.019450000000000002 0.836020267158 0.00715 3.84117906032 
671786 0.83095347766 0.036699999999999997 0.832949485644 0.0114 3.97380595095 
390016 0.831874712114 0.025675 0.832488868417 0.019475 3.99903107423 
574311 0.820819898664 0.015149999999999999 0.81206817135 0.027975000000000003 3.84399412772 
803798 0.837555657915 0.038825000000000005 0.845693228927 0.0037750000000000006 3.88420046846 
531054 0.838323353293 0.0403 0.838630431445 0.005725 3.87692302709 
714548 0.837709196991 0.025025000000000006 0.825272531859 0.0046500000000000005 4.11403778003 
528022 0.833717181023 0.014650000000000002 0.830339321357 0.0034999999999999996 4.00792217017 
348146 0.827882696146 0.00815 0.83202825119 0.0038 3.81803931651 
385962 0.831414094887 0.012199999999999999 0.830646399509 0.008674999999999999 3.76556033494 
553769 0.83878397052 0.018525 0.83310302472 0.004375 3.97002816796 
481648 0.830492860433 0.015625 0.838323353293 0.013274999999999999 3.99089114527 
626740 0.829111008752 0.01875 0.830032243206 0.006750000000000001 3.95173227128 
553810 0.838016275142 0.02305 0.83878397052 0.007324999999999999 3.74445601153 
647056 0.840779978505 0.020825000000000003 0.839091048672 0.0035750000000000005 3.85059819647 
