414999 0.832949485644 0.014375 0.832795946568 0.032225000000000004 3.97017660578 
544654 0.825272531859 0.012199999999999999 0.832642407493 0.00395 4.2541841951 
440769 0.83095347766 0.013300000000000001 0.822969445724 0.00365 4.16792913353 
263760 0.842929525564 0.0121 0.838937509596 0.01245 5.07413511868 
1145557 0.830185782282 0.04682500000000001 0.83310302472 0.011899999999999999 4.1676701996 
408438 0.838169814218 0.02105 0.829111008752 0.012375000000000002 3.99022620951 
864454 0.830646399509 0.01985 0.819284507907 0.0035499999999999998 3.98033073628 
314876 0.840779978505 0.008275000000000001 0.836634423461 0.0049 4.2674143396 
384662 0.83525257178 0.016125 0.841701212959 0.011025 4.03082995355 
623879 0.834331337325 0.035750000000000004 0.833717181023 0.022300000000000004 4.20552545516 
278237 0.844464916321 0.0075499999999999986 0.834331337325 0.003675 4.03593699063 
260853 0.836787962536 0.023125 0.836787962536 0.012349999999999998 4.15939595188 
271688 0.833256563795 0.00785 0.830799938584 0.006975 4.0625931278 
500018 0.836787962536 0.0178 0.830339321357 0.006750000000000001 4.14968796681 
488613 0.842315369261 0.009325 0.834331337325 0.003025 4.06170049706 
496676 0.829571625979 0.019450000000000002 0.831721173039 0.009875 4.11735733822 
671786 0.83095347766 0.036699999999999997 0.830799938584 0.01375 4.15243352405 
390016 0.831874712114 0.025675 0.830339321357 0.024050000000000002 4.23047223713 
574311 0.820819898664 0.015149999999999999 0.825733149086 0.019950000000000002 4.04774943321 
803798 0.837555657915 0.038825000000000005 0.847075080608 0.004675 4.09910027414 
531054 0.838323353293 0.0403 0.836173806234 0.007050000000000001 4.07663742065 
714548 0.837709196991 0.025025000000000006 0.828957469676 0.00715 4.18624830001 
528022 0.833717181023 0.014650000000000002 0.836941501612 0.0032 4.18205985108 
348146 0.827882696146 0.00815 0.832488868417 0.0041 4.17374458881 
385962 0.831414094887 0.012199999999999999 0.834945493628 0.013125 4.07183139925 
553769 0.83878397052 0.018525 0.822662367573 0.005175000000000001 4.18341679637 
481648 0.830492860433 0.015625 0.836787962536 0.005825 4.12929375036 
626740 0.829111008752 0.01875 0.834945493628 0.004575 4.11681707879 
553810 0.838016275142 0.02305 0.840472900353 0.017825 4.00137874576 
647056 0.840779978505 0.020825000000000003 0.828496852449 0.0029249999999999996 4.11870090543 
