414999 0.832949485644 0.014375 0.821894672194 0.005175000000000001 3.42730243149 
544654 0.825272531859 0.012199999999999999 0.833410102871 0.004050000000000001 3.73732555964 
440769 0.83095347766 0.013300000000000001 0.832335329341 0.0070750000000000006 3.73484427555 
263760 0.842929525564 0.0121 0.839551665899 0.015449999999999998 3.86765881498 
1145557 0.830185782282 0.04682500000000001 0.831414094887 0.0173 3.81952221251 
408438 0.838169814218 0.02105 0.835406110855 0.0083 4.28278760171 
864454 0.830646399509 0.01985 0.829111008752 0.0045000000000000005 3.58306830917 
314876 0.840779978505 0.008275000000000001 0.841087056656 0.005575 3.89665294225 
384662 0.83525257178 0.016125 0.838630431445 0.012774999999999998 3.63003079915 
623879 0.834331337325 0.035750000000000004 0.834638415477 0.01275 3.93711369751 
278237 0.844464916321 0.0075499999999999986 0.837095040688 0.004275 3.57388847533 
260853 0.836787962536 0.023125 0.834484876401 0.009475 3.78384822604 
271688 0.833256563795 0.00785 0.826040227238 0.003875 3.75100057156 
500018 0.836787962536 0.0178 0.8288039306 0.0072 3.76466970359 
488613 0.842315369261 0.009325 0.830646399509 0.006375 3.83809793839 
496676 0.829571625979 0.019450000000000002 0.831874712114 0.015600000000000001 3.66833575916 
671786 0.83095347766 0.036699999999999997 0.831567633963 0.011975 3.77295606503 
390016 0.831874712114 0.025675 0.831874712114 0.0227 3.91244225973 
574311 0.820819898664 0.015149999999999999 0.831414094887 0.012025000000000001 3.67097339533 
803798 0.837555657915 0.038825000000000005 0.832181790266 0.005225 3.80942710453 
531054 0.838323353293 0.0403 0.840165822202 0.006325000000000001 3.8394961302 
714548 0.837709196991 0.025025000000000006 0.818670351604 0.009925 3.88184401041 
528022 0.833717181023 0.014650000000000002 0.835099032704 0.00415 3.96632368007 
348146 0.827882696146 0.00815 0.820819898664 0.008 3.72675666319 
385962 0.831414094887 0.012199999999999999 0.830492860433 0.010875 3.77162800345 
553769 0.83878397052 0.018525 0.823583602027 0.00425 3.87094048445 
481648 0.830492860433 0.015625 0.829111008752 0.008450000000000001 3.66134381568 
626740 0.829111008752 0.01875 0.834638415477 0.008225 3.78064023763 
553810 0.838016275142 0.02305 0.842315369261 0.01395 3.67868951541 
647056 0.840779978505 0.020825000000000003 0.834331337325 0.002825 3.67013931328 
