414999 0.832949485644 0.014375 0.815599570091 0.019424999999999998 4.98710669257 
544654 0.825272531859 0.012199999999999999 0.831260555811 0.00445 5.78281826166 
440769 0.83095347766 0.013300000000000001 0.830032243206 0.004075 5.59596357859 
263760 0.842929525564 0.0121 0.83878397052 0.022125000000000002 6.48141942647 
1145557 0.830185782282 0.04682500000000001 0.827575617995 0.017775 4.47969131349 
408438 0.838169814218 0.02105 0.836787962536 0.022075 4.71987080041 
864454 0.830646399509 0.01985 0.820819898664 0.005425 4.2105889509 
314876 0.840779978505 0.008275000000000001 0.839398126823 0.00435 4.34022472019 
384662 0.83525257178 0.016125 0.843390142791 0.009275 4.24896502818 
623879 0.834331337325 0.035750000000000004 0.834791954552 0.019025 5.69641335026 
278237 0.844464916321 0.0075499999999999986 0.830492860433 0.003075 5.2330937023 
260853 0.836787962536 0.023125 0.831107016736 0.014525000000000001 4.67013453621 
271688 0.833256563795 0.00785 0.828343313373 0.007975 5.52833703641 
500018 0.836787962536 0.0178 0.828957469676 0.011999999999999997 4.27863418786 
488613 0.842315369261 0.009325 0.83095347766 0.0029500000000000004 5.31942686588 
496676 0.829571625979 0.019450000000000002 0.826807922616 0.0146 5.03098116727 
671786 0.83095347766 0.036699999999999997 0.827882696146 0.010125000000000002 4.69571960259 
390016 0.831874712114 0.025675 0.829264547827 0.023200000000000002 6.40355678917 
574311 0.820819898664 0.015149999999999999 0.828036235222 0.014675 5.93646296809 
803798 0.837555657915 0.038825000000000005 0.847689236911 0.005625 5.55678554416 
531054 0.838323353293 0.0403 0.839244587748 0.008799999999999999 4.20649378661 
714548 0.837709196991 0.025025000000000006 0.831260555811 0.008875 5.46224094597 
528022 0.833717181023 0.014650000000000002 0.828650391525 0.0024 4.6472918819 
348146 0.827882696146 0.00815 0.820052203286 0.007424999999999999 5.13029815137 
385962 0.831414094887 0.012199999999999999 0.833717181023 0.011524999999999999 4.27603662345 
553769 0.83878397052 0.018525 0.819130968832 0.006199999999999999 4.52669685557 
481648 0.830492860433 0.015625 0.840472900353 0.006999999999999999 5.28493668024 
626740 0.829111008752 0.01875 0.831721173039 0.0030250000000000003 5.23364273809 
553810 0.838016275142 0.02305 0.84093351758 0.01925 4.20675293655 
647056 0.840779978505 0.020825000000000003 0.836787962536 0.0034750000000000002 6.07100271741 
