414999 0.832949485644 0.014375 0.832335329341 0.0066 3.3970451761 
544654 0.825272531859 0.012199999999999999 0.83202825119 0.0054 3.64895337836 
440769 0.83095347766 0.013300000000000001 0.830339321357 0.004575 3.58159650605 
263760 0.842929525564 0.0121 0.827575617995 0.011000000000000001 3.68060552934 
1145557 0.830185782282 0.04682500000000001 0.825426070935 0.0077 3.83898645219 
408438 0.838169814218 0.02105 0.832949485644 0.01685 3.41881041006 
864454 0.830646399509 0.01985 0.8231229848 0.003725 3.57546757119 
314876 0.840779978505 0.008275000000000001 0.84200829111 0.0075 3.62913271814 
384662 0.83525257178 0.016125 0.843850760018 0.00655 3.52000462394 
623879 0.834331337325 0.035750000000000004 0.837402118839 0.00635 3.84206109977 
278237 0.844464916321 0.0075499999999999986 0.832949485644 0.004775000000000001 3.47902396365 
260853 0.836787962536 0.023125 0.831567633963 0.015175000000000001 3.58005630555 
271688 0.833256563795 0.00785 0.830185782282 0.0042 3.62950142943 
500018 0.836787962536 0.0178 0.832488868417 0.010275 3.6802044357 
488613 0.842315369261 0.009325 0.825579610011 0.0026750000000000003 3.60116795335 
496676 0.829571625979 0.019450000000000002 0.832335329341 0.007350000000000001 3.61081597089 
671786 0.83095347766 0.036699999999999997 0.834638415477 0.007450000000000001 3.63043340856 
390016 0.831874712114 0.025675 0.831721173039 0.0062250000000000005 3.7177434264 
574311 0.820819898664 0.015149999999999999 0.828189774298 0.028425000000000002 5.23403362273 
803798 0.837555657915 0.038825000000000005 0.845386150775 0.0052 3.46678816626 
531054 0.838323353293 0.0403 0.833256563795 0.005124999999999999 3.50541749607 
714548 0.837709196991 0.025025000000000006 0.831874712114 0.0114 3.75155394646 
528022 0.833717181023 0.014650000000000002 0.83417779825 0.005124999999999999 3.61465273784 
348146 0.827882696146 0.00815 0.818977429756 0.0051 3.50249383756 
385962 0.831414094887 0.012199999999999999 0.831107016736 0.00875 3.65582971709 
553769 0.83878397052 0.018525 0.834331337325 0.004325 3.82767716798 
481648 0.830492860433 0.015625 0.835559649931 0.0041 3.39314029895 
626740 0.829111008752 0.01875 0.833563641947 0.010525000000000001 5.82028336527 
553810 0.838016275142 0.02305 0.839705204975 0.011099999999999999 3.3811989251 
647056 0.840779978505 0.020825000000000003 0.834331337325 0.0025 3.43735910086 
