414999 0.832949485644 0.014375 0.827575617995 0.0171 4.06297303128 
544654 0.825272531859 0.012199999999999999 0.833563641947 0.004824999999999999 4.34859026858 
440769 0.83095347766 0.013300000000000001 0.838169814218 0.013875000000000002 5.33136166379 
263760 0.842929525564 0.0121 0.837248579764 0.01205 5.31265351613 
1145557 0.830185782282 0.04682500000000001 0.82987870413 0.015950000000000002 4.23288026742 
408438 0.838169814218 0.02105 0.835406110855 0.0104 4.1254018264 
864454 0.830646399509 0.01985 0.830339321357 0.0036 4.04947572016 
314876 0.840779978505 0.008275000000000001 0.841087056656 0.003974999999999999 4.1418755979 
384662 0.83525257178 0.016125 0.844004299094 0.013975 4.12253671584 
623879 0.834331337325 0.035750000000000004 0.836020267158 0.021075 4.24791582825 
278237 0.844464916321 0.0075499999999999986 0.829725165055 0.00385 4.18170989387 
260853 0.836787962536 0.023125 0.834024259174 0.011049999999999999 4.17112385567 
271688 0.833256563795 0.00785 0.827575617995 0.007675 4.29395784569 
500018 0.836787962536 0.0178 0.826500844465 0.01135 4.18209210354 
488613 0.842315369261 0.009325 0.83985874405 0.00385 4.15603146852 
496676 0.829571625979 0.019450000000000002 0.832795946568 0.010674999999999999 4.14300203542 
671786 0.83095347766 0.036699999999999997 0.826654383541 0.011524999999999999 4.25108429621 
390016 0.831874712114 0.025675 0.831721173039 0.021775000000000003 6.10275559402 
574311 0.820819898664 0.015149999999999999 0.83095347766 0.01805 4.17634384281 
803798 0.837555657915 0.038825000000000005 0.836634423461 0.006750000000000001 4.16738168574 
531054 0.838323353293 0.0403 0.839551665899 0.01375 4.15746157187 
714548 0.837709196991 0.025025000000000006 0.829264547827 0.00695 4.33556101183 
528022 0.833717181023 0.014650000000000002 0.833717181023 0.006200000000000001 4.24249859865 
348146 0.827882696146 0.00815 0.834945493628 0.0045000000000000005 4.23745463632 
385962 0.831414094887 0.012199999999999999 0.829571625979 0.01795 4.16405466287 
553769 0.83878397052 0.018525 0.819284507907 0.006624999999999999 4.24013222236 
481648 0.830492860433 0.015625 0.834638415477 0.0078000000000000005 4.24631084165 
626740 0.829111008752 0.01875 0.835713189007 0.0033250000000000003 4.1961031249 
553810 0.838016275142 0.02305 0.841394134807 0.011775 4.08836203565 
647056 0.840779978505 0.020825000000000003 0.834024259174 0.004075 4.25534341197 
