95806 0.837402118839 0.010575 0.840626439429 0.010074999999999999 1.42527168651 
91143 0.833717181023 0.0048 0.819438046983 0.00905 2.8873267154 
149362 0.824811914632 0.026675000000000004 0.837862736066 0.019575 2.99133976136 
101739 0.835713189007 0.0045 0.836634423461 0.024375 0.948308550359 
92232 0.83525257178 0.0066749999999999995 0.838937509596 0.0101 2.05515894069 
130548 0.841087056656 0.016 0.834945493628 0.015625 2.30156317149 
121144 0.829264547827 0.007124999999999999 0.832949485644 0.01175 1.05916655765 
133211 0.839705204975 0.0053 0.837709196991 0.006025 1.42603535767 
107826 0.840779978505 0.008625 0.842622447413 0.014125 1.87987739483 
99593 0.837555657915 0.0094 0.839551665899 0.02365 1.47595336311 
237278 0.832949485644 0.02365 0.834945493628 0.013849999999999998 2.38837307685 
155535 0.842161830186 0.014100000000000001 0.838937509596 0.009300000000000001 2.3691345181 
90439 0.841394134807 0.004275 0.836787962536 0.0089 1.55648591557 
129531 0.838323353293 0.009625 0.833563641947 0.0152 0.503793987755 
141849 0.836327345309 0.009775 0.835099032704 0.0063 1.44428405067 
129795 0.83525257178 0.009975000000000001 0.840626439429 0.0086 1.39877770638 
157195 0.810532780593 0.013425 0.83095347766 0.005625 2.05520695506 
104465 0.83878397052 0.004675 0.838476892369 0.0079 2.46160512873 
100160 0.834484876401 0.0046 0.834484876401 0.014624999999999999 2.21659454022 
145349 0.826040227238 0.0164 0.831874712114 0.006000000000000001 2.02877784233 
98914 0.836020267158 0.00445 0.841087056656 0.01625 2.40430899664 
104306 0.835713189007 0.006975 0.838630431445 0.029225000000000004 12.1066581334 
90401 0.829111008752 0.005025000000000001 0.828036235222 0.007300000000000001 1.42520162907 
103198 0.832335329341 0.006274999999999999 0.836634423461 0.004125 1.12916712632 
118369 0.843236603716 0.00605 0.837402118839 0.0033750000000000004 0.589161451889 
144614 0.830032243206 0.0066749999999999995 0.82772915707 0.0136 1.01703878663 
110286 0.836634423461 0.006100000000000001 0.83095347766 0.007675 1.57748832316 
121073 0.837862736066 0.007975 0.840779978505 0.0297 1.05794056466 
151097 0.831107016736 0.010249999999999999 0.81989866421 0.012924999999999999 2.58908156889 
105660 0.831107016736 0.005024999999999999 0.832181790266 0.020775000000000002 1.92229445785 
