95806 0.837402118839 0.010575 0.84093351758 0.011075 3.37009907816 
91143 0.833717181023 0.0048 0.842161830186 0.0146 3.68803842151 
149362 0.824811914632 0.026675000000000004 0.834331337325 0.009575 3.49042357562 
101739 0.835713189007 0.0045 0.837402118839 0.014700000000000001 3.62131515151 
92232 0.83525257178 0.0066749999999999995 0.841854752034 0.0268 3.35655259481 
130548 0.841087056656 0.016 0.837095040688 0.010924999999999997 3.72793707859 
121144 0.829264547827 0.007124999999999999 0.838169814218 0.012875000000000001 3.3720705802 
133211 0.839705204975 0.0053 0.840319361277 0.006875 3.43953615998 
107826 0.840779978505 0.008625 0.836327345309 0.006475 3.52777659139 
99593 0.837555657915 0.0094 0.837862736066 0.01975 3.79062312112 
237278 0.832949485644 0.02365 0.830646399509 0.022525000000000003 3.78978136509 
155535 0.842161830186 0.014100000000000001 0.816367265469 0.028475 3.82509899137 
90439 0.841394134807 0.004275 0.836480884385 0.011524999999999999 3.95243248367 
129531 0.838323353293 0.009625 0.83310302472 0.00715 3.46055298513 
141849 0.836327345309 0.009775 0.838476892369 0.008875 3.83620655675 
129795 0.83525257178 0.009975000000000001 0.83985874405 0.007124999999999999 3.61235353931 
157195 0.810532780593 0.013425 0.82987870413 0.014975 3.78239610771 
104465 0.83878397052 0.004675 0.83525257178 0.008799999999999999 3.31745663567 
100160 0.834484876401 0.0046 0.823890680178 0.019250000000000003 3.46339935972 
145349 0.826040227238 0.0164 0.832642407493 0.011924999999999998 3.79527788081 
98914 0.836020267158 0.00445 0.840165822202 0.016125000000000004 3.47112255385 
104306 0.835713189007 0.006975 0.829111008752 0.013175 3.54739248431 
90401 0.829111008752 0.005025000000000001 0.828496852449 0.0032999999999999995 3.51789626195 
103198 0.832335329341 0.006274999999999999 0.834945493628 0.00875 3.53600961265 
118369 0.843236603716 0.00605 0.83878397052 0.0168 3.28907373522 
144614 0.830032243206 0.0066749999999999995 0.826961461692 0.0126 3.70866024634 
110286 0.836634423461 0.006100000000000001 0.834024259174 0.01525 3.66066110012 
121073 0.837862736066 0.007975 0.835559649931 0.027575000000000002 3.88678070153 
151097 0.831107016736 0.010249999999999999 0.827422078919 0.011625000000000002 3.72826648133 
105660 0.831107016736 0.005024999999999999 0.824197758329 0.0161 3.57429168211 
