95806 0.837402118839 0.010575 0.842929525564 0.007975 3.10819931529 
91143 0.833717181023 0.0048 0.843543681867 0.007474999999999999 3.46083699904 
149362 0.824811914632 0.026675000000000004 0.838630431445 0.0134 3.18963100258 
101739 0.835713189007 0.0045 0.833870720098 0.0194 3.44141219961 
92232 0.83525257178 0.0066749999999999995 0.835099032704 0.013399999999999999 3.29097963359 
130548 0.841087056656 0.016 0.837862736066 0.011525 3.60949139451 
121144 0.829264547827 0.007124999999999999 0.827882696146 0.012175 3.17094524467 
133211 0.839705204975 0.0053 0.836634423461 0.01845 3.22090581346 
107826 0.840779978505 0.008625 0.836020267158 0.00835 3.41392597696 
99593 0.837555657915 0.0094 0.831567633963 0.027425 3.44562221733 
237278 0.832949485644 0.02365 0.827882696146 0.0095 3.58145019199 
155535 0.842161830186 0.014100000000000001 0.839398126823 0.010325000000000003 3.76472978189 
90439 0.841394134807 0.004275 0.840779978505 0.017725 3.89000621786 
129531 0.838323353293 0.009625 0.831260555811 0.01245 3.14330898348 
141849 0.836327345309 0.009775 0.836941501612 0.009049999999999999 3.98110045643 
129795 0.83525257178 0.009975000000000001 0.839398126823 0.00865 3.27573466164 
157195 0.810532780593 0.013425 0.830032243206 0.0106 3.72558240788 
104465 0.83878397052 0.004675 0.836634423461 0.004875000000000001 2.91552573043 
100160 0.834484876401 0.0046 0.821894672194 0.019049999999999997 3.09313123329 
145349 0.826040227238 0.0164 0.828957469676 0.017275 3.66910325456 
98914 0.836020267158 0.00445 0.839091048672 0.021675000000000003 3.20879236158 
104306 0.835713189007 0.006975 0.837248579764 0.010975000000000002 3.20312365322 
90401 0.829111008752 0.005025000000000001 0.833563641947 0.0032999999999999995 3.13140939379 
103198 0.832335329341 0.006274999999999999 0.834638415477 0.014975 3.38227525446 
118369 0.843236603716 0.00605 0.840779978505 0.0074 3.01559885885 
144614 0.830032243206 0.0066749999999999995 0.827882696146 0.016 3.42358455297 
110286 0.836634423461 0.006100000000000001 0.831874712114 0.013425 3.28290922131 
121073 0.837862736066 0.007975 0.835866728082 0.02 3.67259839985 
151097 0.831107016736 0.010249999999999999 0.822815906648 0.012475 3.65039286531 
105660 0.831107016736 0.005024999999999999 0.83095347766 0.012150000000000001 3.46419851713 
