95806 0.837402118839 0.010575 0.839551665899 0.008975 3.8653128934 
91143 0.833717181023 0.0048 0.82987870413 0.026600000000000002 3.856323642 
149362 0.824811914632 0.026675000000000004 0.836634423461 0.0125 3.87332382327 
101739 0.835713189007 0.0045 0.834331337325 0.014900000000000002 3.90139633176 
92232 0.83525257178 0.0066749999999999995 0.828957469676 0.008400000000000001 3.66957830703 
130548 0.841087056656 0.016 0.837862736066 0.009225 4.04432723607 
121144 0.829264547827 0.007124999999999999 0.835866728082 0.009550000000000001 3.72684528376 
133211 0.839705204975 0.0053 0.836941501612 0.009825000000000002 3.77753440178 
107826 0.840779978505 0.008625 0.84415783817 0.014649999999999998 3.78339145132 
99593 0.837555657915 0.0094 0.83417779825 0.023375000000000003 3.87532046311 
237278 0.832949485644 0.02365 0.827268539843 0.01725 3.9538076824 
155535 0.842161830186 0.014100000000000001 0.822355289421 0.019475 4.02351623801 
90439 0.841394134807 0.004275 0.835559649931 0.018275 4.11336895634 
129531 0.838323353293 0.009625 0.840319361277 0.00445 3.77477341484 
141849 0.836327345309 0.009775 0.833563641947 0.01045 4.12724968803 
129795 0.83525257178 0.009975000000000001 0.835406110855 0.013450000000000002 3.88237889153 
157195 0.810532780593 0.013425 0.837248579764 0.0111 3.95263834783 
104465 0.83878397052 0.004675 0.835866728082 0.010799999999999999 3.73883672413 
100160 0.834484876401 0.0046 0.823890680178 0.026375000000000003 3.7655509429 
145349 0.826040227238 0.0164 0.830646399509 0.014525000000000001 4.02931681563 
98914 0.836020267158 0.00445 0.836634423461 0.020975 3.77069794088 
104306 0.835713189007 0.006975 0.836020267158 0.01275 3.78679418282 
90401 0.829111008752 0.005025000000000001 0.822508828497 0.006274999999999999 4.56648334545 
103198 0.832335329341 0.006274999999999999 0.838937509596 0.008624999999999999 3.79883138133 
118369 0.843236603716 0.00605 0.835866728082 0.00395 3.67931048119 
144614 0.830032243206 0.0066749999999999995 0.82772915707 0.01925 3.85900956854 
110286 0.836634423461 0.006100000000000001 0.830339321357 0.009325 3.89934587301 
121073 0.837862736066 0.007975 0.836787962536 0.012150000000000001 4.07199606433 
151097 0.831107016736 0.010249999999999999 0.837555657915 0.010550000000000002 6.66781033281 
105660 0.831107016736 0.005024999999999999 0.827115000768 0.011425000000000001 3.93988129289 
