411419 0.83878397052 0.009025 0.826347305389 0.0511
484270 0.829571625979 0.013425 0.830646399509 0.07015
216913 0.831414094887 0.005575 0.834484876401 0.023675
332675 0.826040227238 0.0064 0.832795946568 0.023475
296194 0.832642407493 0.021775 0.828957469676 0.027825
631126 0.832335329341 0.012125 0.827115000768 0.03955
296599 0.836941501612 0.012175 0.833870720098 0.02425
568596 0.834331337325 0.03125 0.83310302472 0.04575
600721 0.83202825119 0.028375 0.823276523875 0.0239
666370 0.828650391525 0.030925 0.833256563795 0.044475
486787 0.834638415477 0.014725 0.832181790266 0.040375
914426 0.838476892369 0.021075 0.836634423461 0.0541
269176 0.838937509596 0.015875 0.828650391525 0.045575
423203 0.839705204975 0.012475 0.834945493628 0.0409
515870 0.841854752034 0.014225 0.839705204975 0.04525
511954 0.83878397052 0.02275 0.836941501612 0.031475
376070 0.832181790266 0.0266 0.834638415477 0.016275
647837 0.836327345309 0.025125 0.840779978505 0.017525
496868 0.832795946568 0.011775 0.82987870413 0.0211
1202951 0.838630431445 0.0255 0.837248579764 0.0341
659111 0.830032243206 0.01645 0.835099032704 0.019925
520556 0.835866728082 0.01875 0.837095040688 0.035875
818811 0.840165822202 0.02765 0.828496852449 0.0188
622188 0.831874712114 0.0309 0.830339321357 0.030175
674973 0.833870720098 0.02155 0.836327345309 0.03505
196280 0.824044219254 0.0118 0.828343313373 0.015625
463723 0.832949485644 0.016525 0.825426070935 0.021
258257 0.830646399509 0.00595 0.833870720098 0.024875
312601 0.834024259174 0.00765 0.832181790266 0.056875
395896 0.835713189007 0.0147 0.83985874405 0.0306
