58501 0.846768002457 0.057 0.836941501612 0.01975
29004 0.839551665899 0.037875 0.834024259174 0.0
14464 0.837248579764 0.013075 0.83202825119 0.00355
92819 0.848456932289 0.0682 0.838016275142 0.00775
104552 0.839091048672 0.091425 0.828343313373 0.0008
46362 0.844925533548 0.02185 0.821587594043 0.029275
46863 0.837555657915 0.04855 0.835866728082 0.04405
10568 0.840165822202 0.002225 0.835713189007 0.002525
3670 0.844311377246 0.006725 0.838937509596 0.0097
24456 0.840779978505 0.0157 0.822201750345 0.010825
43367 0.834331337325 0.020475 0.827268539843 0.00095
48499 0.822969445724 0.04645 0.823890680178 0.000925
21920 0.840319361277 0.032025 0.817134960848 0.005925
77085 0.832181790266 0.058025 0.831414094887 0.0085
94108 0.832488868417 0.07785 0.827882696146 0.002025
85856 0.836480884385 0.067125 0.830185782282 0.00255
16970 0.841087056656 0.032325 0.834791954552 0.001125
176434 0.841087056656 0.12905 0.824504836481 0.004175
101617 0.83525257178 0.067275 0.826654383541 0.07915
70303 0.827882696146 0.06845 0.830492860433 0.0058
91367 0.840319361277 0.070875 0.828957469676 0.008075
33801 0.841701212959 0.034025 0.830799938584 0.033525
24093 0.84415783817 0.0192 0.836480884385 0.001325
36532 0.846921541532 0.01855 0.840626439429 0.11515
134317 0.83878397052 0.089 0.828189774298 2.5e-05
