374690 0.832335329341 0.32505 0.830185782282 0.00565
96163 0.840012283126 0.0495 0.83310302472 0.0134
184339 0.841547673883 0.093975 0.824965453708 0.004725
544522 0.84200829111 0.41205 0.832181790266 0.0116
329372 0.843850760018 0.213425 0.834791954552 0.0097
223430 0.841547673883 0.2081 0.837095040688 0.0032
334903 0.836787962536 0.242225 0.834331337325 0.013025
179734 0.837709196991 0.152325 0.82987870413 0.0118
299607 0.841240595732 0.21325 0.822355289421 0.0012
330191 0.849378166743 0.25915 0.839705204975 0.010925
318699 0.83417779825 0.283225 0.836020267158 0.008375
233065 0.839091048672 0.169325 0.830339321357 0.011875
263309 0.830032243206 0.155975 0.823276523875 0.0075
552173 0.847842775986 0.37045 0.837095040688 0.0056
368206 0.836941501612 0.357625 0.830492860433 0.001425
316753 0.837862736066 0.335625 0.816213726393 0.0041
162282 0.830646399509 0.1184 0.828036235222 0.010275
205285 0.831874712114 0.174625 0.826654383541 0.037675
284347 0.838476892369 0.2206 0.831107016736 0.008875
286489 0.843543681867 0.251175 0.82987870413 0.022475
342832 0.842468908337 0.22055 0.83310302472 0.01845
839556 0.831567633963 0.6232 0.826347305389 0.00745
415340 0.831567633963 0.281425 0.828957469676 0.0008
217276 0.827575617995 0.174125 0.816367265469 0.005025
295465 0.841854752034 0.25005 0.831567633963 0.0005
433420 0.842775986489 0.30455 0.832795946568 0.0017
270395 0.832795946568 0.24885 0.826347305389 0.003175
452739 0.826807922616 0.35295 0.8288039306 0.001675
430763 0.84093351758 0.291075 0.832488868417 0.013675
94978 0.83417779825 0.048775 0.831874712114 0.11535
