159421 0.765 0.1559 0.75 0.028675
147843 0.76 0.135225 0.775 0.004275
194050 0.745 0.1884 0.72 0.00575
125613 0.745 0.14505 0.75 0.01675
153083 0.755 0.1535 0.755 0.030175
136008 0.78 0.14655 0.78 0.0235
141038 0.705 0.153825 0.695 0.010275
88079 0.775 0.105925 0.745 0.007675
209755 0.705 0.1581 0.675 0.013
183478 0.79 0.204975 0.79 0.010225
325287 0.715 0.25035 0.745 0.047825
355712 0.75 0.2888 0.73 0.0118
354413 0.735 0.260725 0.735 0.010425
129195 0.735 0.130325 0.71 0.011425
247743 0.715 0.26805 0.715 0.012825
122543 0.745 0.143625 0.74 0.0035
247901 0.75 0.226525 0.705 0.015225
114936 0.715 0.11125 0.72 0.0104
81755 0.81 0.112875 0.795 0.032
143402 0.79 0.147925 0.74 0.0087
382003 0.755 0.30415 0.745 0.00755
142731 0.71 0.159175 0.72 0.004425
119743 0.765 0.15135 0.78 0.0187
159310 0.73 0.174675 0.735 0.040875
91116 0.725 0.09685 0.715 0.0131
269173 0.77 0.227125 0.75 0.012975
198262 0.77 0.18905 0.785 0.03995
151514 0.805 0.156775 0.795 0.008775
100963 0.725 0.138025 0.705 0.035675
228535 0.71 0.2049 0.715 0.012325
