247754 0.73 0.206275 0.725 0.195525
35204 0.73 0.05105 0.735 0.085275
54841 0.775 0.077975 0.77 0.07525
182785 0.795 0.126575 0.81 0.12345
169806 0.8 0.105325 0.815 0.14145
49101 0.805 0.05795 0.79 0.072625
53632 0.775 0.07975 0.785 0.07365
160633 0.85 0.155 0.86 0.117725
67912 0.785 0.070525 0.79 0.06475
84119 0.78 0.105075 0.775 0.0673
131425 0.755 0.11305 0.77 0.066175
148483 0.8 0.128825 0.79 0.09925
98365 0.79 0.11805 0.805 0.03875
109047 0.705 0.121575 0.695 0.0545
121032 0.79 0.099925 0.78 0.1101
169074 0.78 0.137825 0.76 0.098775
152298 0.72 0.12145 0.695 0.111525
174108 0.775 0.147875 0.77 0.09775
136631 0.76 0.114625 0.75 0.0632
157005 0.8 0.1367 0.785 0.12405
43556 0.755 0.048475 0.76 0.03725
139896 0.81 0.114425 0.84 0.122625
142044 0.75 0.11345 0.73 0.071775
265316 0.805 0.209225 0.81 0.1676
236344 0.8 0.18455 0.785 0.116775
161966 0.765 0.123475 0.73 0.085725
251786 0.81 0.15985 0.82 0.13425
123556 0.805 0.089675 0.795 0.0935
200060 0.77 0.18855 0.76 0.1274
134555 0.78 0.097325 0.79 0.081475
