172316 0.71 0.15410000000000001 0.725 0.09317500000000001 7.81653058857 
79186 0.78 0.08185 0.79 0.058725000000000006 7.67177875292 
129096 0.765 0.10205000000000002 0.79 0.09597500000000002 7.76602039238 
210254 0.785 0.170525 0.77 0.13265000000000002 7.75232212609 
34711 0.765 0.039525 0.765 0.06415000000000001 7.26049363532 
165708 0.78 0.144325 0.75 0.097025 7.74935445776 
94461 0.805 0.11280000000000001 0.785 0.06165000000000001 7.92209327123 
222455 0.775 0.13755 0.755 0.087275 7.68142044984 
46027 0.71 0.039425 0.71 0.0398 7.8501400284 
123537 0.73 0.08125 0.735 0.076275 7.57408741209 
86909 0.75 0.0862 0.77 0.07285 7.66607519931 
132439 0.755 0.12607500000000002 0.71 0.04620000000000001 7.66151429013 
185709 0.745 0.142625 0.725 0.04265000000000001 7.80064525218 
146761 0.8 0.11417500000000003 0.785 0.031 7.76342186973 
62994 0.775 0.08172499999999999 0.79 0.066225 7.69230209835 
116278 0.76 0.09375 0.745 0.059275 7.36591710451 
103744 0.705 0.099925 0.71 0.05027500000000001 7.60244812126 
233797 0.73 0.1435 0.72 0.09907500000000001 7.63397031199 
180844 0.8 0.118175 0.805 0.08349999999999999 7.72886116774 
142639 0.77 0.10342500000000002 0.775 0.08282499999999998 7.80076837441 
240572 0.78 0.135025 0.79 0.08470000000000001 7.87848863806 
222453 0.75 0.17059999999999997 0.695 0.037225 7.48607478494 
102317 0.775 0.08082500000000001 0.795 0.09805 7.58383962066 
213302 0.75 0.15015 0.76 0.08682499999999999 7.52531283322 
145278 0.755 0.1429 0.78 0.0333 7.49566556998 
71903 0.8 0.05755000000000001 0.795 0.10120000000000001 7.72731642164 
200348 0.74 0.163925 0.73 0.046525 7.7568390295 
86493 0.76 0.11235 0.8 0.04780000000000001 7.97368373582 
56078 0.775 0.06885000000000001 0.81 0.04485 7.68391753546 
231779 0.725 0.11510000000000002 0.71 0.04135 7.64852609683 
