172316 0.71 0.15410000000000001 0.745 0.071425 7.75156543683 
79186 0.78 0.08185 0.755 0.06605 7.18967131034 
129096 0.765 0.10205000000000002 0.775 0.10882500000000002 7.29093595821 
210254 0.785 0.170525 0.785 0.1537 7.59038896624 
34711 0.765 0.039525 0.78 0.085775 6.82331490782 
165708 0.78 0.144325 0.77 0.07385 7.7537568854 
94461 0.805 0.11280000000000001 0.795 0.08137499999999999 7.67024560909 
222455 0.775 0.13755 0.76 0.059800000000000006 7.16190851883 
46027 0.71 0.039425 0.725 0.032625 7.18407282637 
123537 0.73 0.08125 0.725 0.042675 6.98915279919 
86909 0.75 0.0862 0.74 0.06355000000000001 7.40035258482 
132439 0.755 0.12607500000000002 0.705 0.0444 7.23855862463 
185709 0.745 0.142625 0.73 0.055425 7.57536400754 
146761 0.8 0.11417500000000003 0.805 0.020125 7.39360594534 
62994 0.775 0.08172499999999999 0.805 0.080275 7.52474987431 
116278 0.76 0.09375 0.76 0.07615 7.23202950016 
103744 0.705 0.099925 0.68 0.031200000000000002 7.3030785253 
233797 0.73 0.1435 0.735 0.044700000000000004 7.14949665468 
180844 0.8 0.118175 0.8 0.09292500000000001 7.43735809314 
142639 0.77 0.10342500000000002 0.78 0.10937500000000001 7.74908321317 
240572 0.78 0.135025 0.785 0.11575000000000003 7.53174668092 
222453 0.75 0.17059999999999997 0.72 0.05145 7.06243776209 
102317 0.775 0.08082500000000001 0.785 0.12027499999999999 7.20918998171 
213302 0.75 0.15015 0.755 0.09112500000000001 7.05866727164 
145278 0.755 0.1429 0.775 0.092725 7.31913155598 
71903 0.8 0.05755000000000001 0.825 0.0333 7.71606687054 
200348 0.74 0.163925 0.74 0.092575 7.30309018282 
86493 0.76 0.11235 0.79 0.05905000000000001 7.17653285377 
56078 0.775 0.06885000000000001 0.795 0.054975 7.31500309394 
231779 0.725 0.11510000000000002 0.725 0.05737500000000001 7.24976734678 
