286808 0.829111008752 0.167075 0.812375249501 0.38255
287717 0.837095040688 0.058225 0.840012283126 0.246675
332098 0.832949485644 0.192475 0.831567633963 0.291525
156533 0.83202825119 0.081675 0.834791954552 0.293825
261650 0.825426070935 0.0721 0.827115000768 0.294425
138713 0.825886688162 0.03895 0.826961461692 0.1682
136252 0.830646399509 0.03525 0.828036235222 0.444875
103171 0.828957469676 0.02065 0.828650391525 0.457375
132330 0.839398126823 0.119775 0.835559649931 0.390125
201806 0.836020267158 0.042575 0.832795946568 0.520675
308718 0.835866728082 0.1705 0.832795946568 0.398325
239920 0.833410102871 0.0993 0.832949485644 0.514075
234794 0.837862736066 0.0377 0.841240595732 0.262075
130954 0.834791954552 0.02285 0.832181790266 0.15425
174638 0.84200829111 0.044 0.838016275142 0.235
242734 0.817288499923 0.123475 0.834024259174 0.277775
306651 0.838016275142 0.162275 0.833256563795 0.2629
189423 0.826193766314 0.103 0.832642407493 0.30125
400363 0.838937509596 0.2227 0.832488868417 0.37345
324613 0.827422078919 0.09855 0.83525257178 0.55095
156861 0.835406110855 0.034 0.840779978505 0.185625
165455 0.83525257178 0.070225 0.835713189007 0.25625
330030 0.835099032704 0.092575 0.834484876401 0.31255
240864 0.83525257178 0.042 0.832949485644 0.146125
130390 0.838630431445 0.044 0.834331337325 0.2467
265302 0.832181790266 0.114325 0.826961461692 0.448575
194020 0.82987870413 0.104775 0.831874712114 0.28675
374589 0.825426070935 0.29545 0.825733149086 0.742175
215521 0.829111008752 0.076175 0.832795946568 0.163525
234682 0.820359281437 0.066675 0.827882696146 0.261625
