19322 0.844771994473 0.017775 0.83878397052 0.119675
188334 0.837095040688 0.1668 0.838169814218 0.4249
50296 0.84200829111 0.042325 0.834024259174 0.06635
122605 0.836941501612 0.080375 0.824811914632 0.09785
69749 0.838937509596 0.0555 0.830032243206 0.3109
6607 0.84200829111 0.011375 0.832642407493 0.23195
52512 0.834791954552 0.052975 0.838476892369 0.256975
41107 0.836787962536 0.0197 0.836173806234 0.1465
137646 0.832949485644 0.1033 0.837402118839 0.25585
66004 0.837248579764 0.046675 0.839705204975 0.11945
141622 0.842622447413 0.12095 0.839398126823 0.5777
146062 0.846460924305 0.13595 0.841240595732 0.242025
94850 0.8288039306 0.077725 0.824044219254 0.186625
10344 0.840012283126 0.003125 0.837402118839 0.24995
11232 0.831107016736 0.005425 0.827422078919 0.206275
26531 0.84093351758 0.029 0.834945493628 0.487525
80007 0.844771994473 0.04415 0.836941501612 0.3007
35239 0.840319361277 0.0365 0.837095040688 0.554
64124 0.842929525564 0.04375 0.84093351758 0.161125
3599 0.849531705819 0.00505 0.846000307078 0.140475
44207 0.839705204975 0.060425 0.837709196991 0.2987
41813 0.832181790266 0.054275 0.833870720098 0.2691
17298 0.835099032704 0.008975 0.834331337325 0.143575
33151 0.841701212959 0.021625 0.839244587748 0.539875
61024 0.849378166743 0.054725 0.850145862122 0.240725
42565 0.84093351758 0.0354 0.836634423461 0.182925
71899 0.847382158759 0.068225 0.840012283126 0.30955
44791 0.835406110855 0.026425 0.82987870413 0.5142
160157 0.830646399509 0.1102 0.828343313373 0.197125
95904 0.842775986489 0.116525 0.842315369261 0.26785
