411419 0.83878397052 0.009025 0.832488868417 0.1034
484270 0.829571625979 0.013425 0.828957469676 0.24435
216913 0.831414094887 0.005575 0.83202825119 0.0353
332675 0.826040227238 0.0064 0.835099032704 0.060375
296194 0.832642407493 0.021775 0.832488868417 0.1381
631126 0.832335329341 0.012125 0.831721173039 0.1451
296599 0.836941501612 0.012175 0.834791954552 0.289025
568596 0.834331337325 0.03125 0.837555657915 0.167825
600721 0.83202825119 0.028375 0.824658375557 0.17635
666370 0.828650391525 0.030925 0.834638415477 0.26585
486787 0.834638415477 0.014725 0.834791954552 0.218
914426 0.838476892369 0.021075 0.833410102871 0.257
269176 0.838937509596 0.015875 0.835713189007 0.21865
423203 0.839705204975 0.012475 0.832949485644 0.109
515870 0.841854752034 0.014225 0.836941501612 0.234175
511954 0.83878397052 0.02275 0.836173806234 0.209975
376070 0.832181790266 0.0266 0.838016275142 0.228275
647837 0.836327345309 0.025125 0.834791954552 0.18685
496868 0.832795946568 0.011775 0.830799938584 0.163775
1202951 0.838630431445 0.0255 0.840012283126 0.199425
659111 0.830032243206 0.01645 0.830339321357 0.2138
520556 0.835866728082 0.01875 0.833410102871 0.156275
818811 0.840165822202 0.02765 0.840165822202 0.1735
622188 0.831874712114 0.0309 0.831260555811 0.19625
674973 0.833870720098 0.02155 0.835713189007 0.200825
196280 0.824044219254 0.0118 0.826654383541 0.15625
463723 0.832949485644 0.016525 0.826654383541 0.2024
258257 0.830646399509 0.00595 0.836941501612 0.088025
312601 0.834024259174 0.00765 0.835713189007 0.07005
395896 0.835713189007 0.0147 0.839091048672 0.2594
