159421 0.765 0.1559 0.75 0.187575
147843 0.76 0.135225 0.765 0.13575
194050 0.745 0.1884 0.745 0.173825
125613 0.745 0.14505 0.725 0.13215
153083 0.755 0.1535 0.735 0.2561
136008 0.78 0.14655 0.765 0.1664
141038 0.705 0.153825 0.69 0.21745
88079 0.775 0.105925 0.74 0.13495
209755 0.705 0.1581 0.67 0.177925
183478 0.79 0.204975 0.765 0.38755
325287 0.715 0.25035 0.74 0.1132
355712 0.75 0.2888 0.745 0.388125
354413 0.735 0.260725 0.765 0.318125
129195 0.735 0.130325 0.72 0.4066
247743 0.715 0.26805 0.715 0.398375
122543 0.745 0.143625 0.78 0.1901
247901 0.75 0.226525 0.735 0.328875
114936 0.715 0.11125 0.72 0.312225
81755 0.81 0.112875 0.785 0.211775
143402 0.79 0.147925 0.755 0.233775
382003 0.755 0.30415 0.76 0.401125
142731 0.71 0.159175 0.705 0.2639
119743 0.765 0.15135 0.795 0.1858
159310 0.73 0.174675 0.74 0.266825
91116 0.725 0.09685 0.71 0.259675
269173 0.77 0.227125 0.755 0.295275
198262 0.77 0.18905 0.785 0.22545
151514 0.805 0.156775 0.775 0.286775
100963 0.725 0.138025 0.74 0.211725
228535 0.71 0.2049 0.72 0.21415
