172316 0.71 0.15410000000000001 0.715 0.11207500000000001 4.53884042177 
79186 0.78 0.08185 0.755 0.047700000000000006 3.30554272399 
129096 0.765 0.10205000000000002 0.755 0.0833 3.11752598081 
210254 0.785 0.170525 0.755 0.11750000000000002 2.30543938088 
34711 0.765 0.039525 0.785 0.0757 1.27727462583 
165708 0.78 0.144325 0.79 0.04775 3.46846970149 
94461 0.805 0.11280000000000001 0.8 0.0932 1.59857901149 
222455 0.775 0.13755 0.745 0.09505000000000001 3.71503908861 
46027 0.71 0.039425 0.725 0.025099999999999997 3.87296804126 
123537 0.73 0.08125 0.74 0.08155000000000001 3.29272715595 
86909 0.75 0.0862 0.74 0.11017500000000002 1.6214062923 
132439 0.755 0.12607500000000002 0.705 0.058725000000000006 3.03732227802 
185709 0.745 0.142625 0.745 0.08055 3.39806358046 
146761 0.8 0.11417500000000003 0.805 0.05657500000000001 4.10770153426 
62994 0.775 0.08172499999999999 0.805 0.07919999999999999 2.6747455787 
116278 0.76 0.09375 0.745 0.12484999999999999 1.25452193106 
103744 0.705 0.099925 0.71 0.024325 4.04983080017 
233797 0.73 0.1435 0.725 0.10325000000000002 3.79903611346 
180844 0.8 0.118175 0.805 0.10397500000000001 2.77324938259 
142639 0.77 0.10342500000000002 0.775 0.085875 2.81037552694 
240572 0.78 0.135025 0.81 0.027999999999999997 3.05584476986 
222453 0.75 0.17059999999999997 0.74 0.06535 3.6606012326 
102317 0.775 0.08082500000000001 0.79 0.09387499999999999 4.33107282361 
213302 0.75 0.15015 0.76 0.12755 4.10060695087 
145278 0.755 0.1429 0.78 0.049975000000000006 3.77798670158 
71903 0.8 0.05755000000000001 0.815 0.05307500000000001 2.9093380212 
200348 0.74 0.163925 0.74 0.061225 4.02225191852 
86493 0.76 0.11235 0.785 0.06880000000000001 1.74833599909 
56078 0.775 0.06885000000000001 0.8 0.045500000000000006 3.91717421091 
231779 0.725 0.11510000000000002 0.74 0.13785 2.9588615683 
