172316 0.71 0.15410000000000001 0.725 0.0784 8.04119122205 
79186 0.78 0.08185 0.765 0.06880000000000001 7.94056116332 
129096 0.765 0.10205000000000002 0.79 0.09094999999999999 7.94971571666 
210254 0.785 0.170525 0.765 0.076225 8.04893629247 
34711 0.765 0.039525 0.79 0.08955 7.84748675407 
165708 0.78 0.144325 0.76 0.0851 7.87800443649 
94461 0.805 0.11280000000000001 0.81 0.10522500000000001 7.91065881579 
222455 0.775 0.13755 0.77 0.08427500000000002 8.16060114973 
46027 0.71 0.039425 0.715 0.031475 7.82412155592 
123537 0.73 0.08125 0.715 0.07242500000000002 7.7638541235 
86909 0.75 0.0862 0.735 0.076825 7.89575247653 
132439 0.755 0.12607500000000002 0.725 0.033 8.00257299764 
185709 0.745 0.142625 0.73 0.044875 8.09001364648 
146761 0.8 0.11417500000000003 0.8 0.037825000000000004 7.82290682545 
62994 0.775 0.08172499999999999 0.795 0.068925 7.77777462859 
116278 0.76 0.09375 0.76 0.06915 7.91023821955 
103744 0.705 0.099925 0.705 0.048875 7.97250582876 
233797 0.73 0.1435 0.73 0.07522500000000001 7.93279031928 
180844 0.8 0.118175 0.8 0.105425 7.92518259769 
142639 0.77 0.10342500000000002 0.78 0.10362500000000001 8.0628255681 
240572 0.78 0.135025 0.79 0.144875 8.07693548031 
222453 0.75 0.17059999999999997 0.69 0.0275 7.98826521141 
102317 0.775 0.08082500000000001 0.76 0.11085 7.92431194371 
213302 0.75 0.15015 0.745 0.076075 8.05193850519 
145278 0.755 0.1429 0.76 0.06432500000000001 8.07394154111 
71903 0.8 0.05755000000000001 0.83 0.05047500000000001 8.10737204349 
200348 0.74 0.163925 0.745 0.05017500000000001 7.98598446677 
86493 0.76 0.11235 0.795 0.058350000000000006 7.96553237863 
56078 0.775 0.06885000000000001 0.79 0.07197500000000001 7.92060708899 
231779 0.725 0.11510000000000002 0.72 0.06387500000000002 8.00899332317 
