19322 0.844771994473 0.017775 0.837402118839 0.023575
188334 0.837095040688 0.1668 0.832335329341 0.006175
50296 0.84200829111 0.042325 0.834638415477 0.003375
122605 0.836941501612 0.080375 0.833717181023 0.056125
69749 0.838937509596 0.0555 0.828343313373 0.0123
6607 0.84200829111 0.011375 0.833410102871 0.004225
52512 0.834791954552 0.052975 0.833256563795 0.0121
41107 0.836787962536 0.0197 0.830185782282 0.058025
137646 0.832949485644 0.1033 0.833717181023 0.002475
66004 0.837248579764 0.046675 0.832181790266 0.000175
141622 0.842622447413 0.12095 0.835559649931 0.0013
146062 0.846460924305 0.13595 0.834945493628 0.00335
94850 0.8288039306 0.077725 0.821434054967 0.0036
10344 0.840012283126 0.003125 0.835713189007 0.05775
11232 0.831107016736 0.005425 0.82987870413 0.1665
26531 0.84093351758 0.029 0.835559649931 0.00515
80007 0.844771994473 0.04415 0.832795946568 0.048275
35239 0.840319361277 0.0365 0.833563641947 0.003825
64124 0.842929525564 0.04375 0.833717181023 0.009275
3599 0.849531705819 0.00505 0.848610471365 0.0115
44207 0.839705204975 0.060425 0.833410102871 0.01465
41813 0.832181790266 0.054275 0.827268539843 0.007775
17298 0.835099032704 0.008975 0.832488868417 0.03455
33151 0.841701212959 0.021625 0.837555657915 0.004575
61024 0.849378166743 0.054725 0.846614463381 0.0154
42565 0.84093351758 0.0354 0.831260555811 0.02795
71899 0.847382158759 0.068225 0.842622447413 0.0002
44791 0.835406110855 0.026425 0.824044219254 0.0172
160157 0.830646399509 0.1102 0.831414094887 0.0043
95904 0.842775986489 0.116525 0.83525257178 0.000475
