411419 0.83878397052 0.009025 0.825272531859 0.057925
484270 0.829571625979 0.013425 0.829571625979 0.061375
216913 0.831414094887 0.005575 0.836480884385 0.02505
332675 0.826040227238 0.0064 0.834638415477 0.017775
296194 0.832642407493 0.021775 0.828189774298 0.03515
631126 0.832335329341 0.012125 0.82772915707 0.04555
296599 0.836941501612 0.012175 0.836173806234 0.027475
568596 0.834331337325 0.03125 0.83310302472 0.038075
600721 0.83202825119 0.028375 0.824658375557 0.032075
666370 0.828650391525 0.030925 0.830032243206 0.038825
486787 0.834638415477 0.014725 0.831721173039 0.0415
914426 0.838476892369 0.021075 0.833717181023 0.05935
269176 0.838937509596 0.015875 0.828496852449 0.04395
423203 0.839705204975 0.012475 0.837862736066 0.038875
515870 0.841854752034 0.014225 0.840626439429 0.05575
511954 0.83878397052 0.02275 0.83985874405 0.039625
376070 0.832181790266 0.0266 0.823583602027 0.027475
647837 0.836327345309 0.025125 0.840319361277 0.0236
496868 0.832795946568 0.011775 0.830032243206 0.02695
1202951 0.838630431445 0.0255 0.837248579764 0.0496
659111 0.830032243206 0.01645 0.834791954552 0.022275
520556 0.835866728082 0.01875 0.83878397052 0.0264
818811 0.840165822202 0.02765 0.838016275142 0.034975
622188 0.831874712114 0.0309 0.83202825119 0.034075
674973 0.833870720098 0.02155 0.835406110855 0.0383
196280 0.824044219254 0.0118 0.8288039306 0.0157
463723 0.832949485644 0.016525 0.833717181023 0.029375
258257 0.830646399509 0.00595 0.836480884385 0.0313
312601 0.834024259174 0.00765 0.834791954552 0.0721
395896 0.835713189007 0.0147 0.838016275142 0.0476
