247754 0.73 0.206275 0.725 0.2119
35204 0.73 0.05105 0.74 0.08145
54841 0.775 0.077975 0.76 0.114575
182785 0.795 0.126575 0.805 0.1009
169806 0.8 0.105325 0.8 0.168475
49101 0.805 0.05795 0.785 0.076225
53632 0.775 0.07975 0.8 0.067975
160633 0.85 0.155 0.835 0.0735
67912 0.785 0.070525 0.795 0.072625
84119 0.78 0.105075 0.78 0.07145
131425 0.755 0.11305 0.765 0.0846
148483 0.8 0.128825 0.795 0.1292
98365 0.79 0.11805 0.79 0.0239
109047 0.705 0.121575 0.685 0.0808
121032 0.79 0.099925 0.785 0.127725
169074 0.78 0.137825 0.76 0.10965
152298 0.72 0.12145 0.71 0.1308
174108 0.775 0.147875 0.76 0.0877
136631 0.76 0.114625 0.76 0.06735
157005 0.8 0.1367 0.775 0.10365
43556 0.755 0.048475 0.755 0.0411
139896 0.81 0.114425 0.835 0.102625
142044 0.75 0.11345 0.745 0.119825
265316 0.805 0.209225 0.78 0.176775
236344 0.8 0.18455 0.775 0.123075
161966 0.765 0.123475 0.725 0.1117
251786 0.81 0.15985 0.815 0.125875
123556 0.805 0.089675 0.785 0.137475
200060 0.77 0.18855 0.77 0.138125
134555 0.78 0.097325 0.78 0.079875
