41415 0.831260555811 0.00575 0.830646399509 0.0021
43931 0.824965453708 0.00655 0.824811914632 0.0028
40954 0.822355289421 0.00655 0.821280515891 0.002775
48406 0.811300475971 0.006425 0.811454015047 0.00225
31384 0.820666359589 0.0055 0.820819898664 0.002075
44399 0.814217718409 0.00635 0.814831874712 0.00315
49594 0.814831874712 0.007125 0.814064179334 0.002425
34201 0.807615538154 0.00505 0.807922616306 0.001975
30321 0.81099339782 0.006075 0.811146936895 0.00285
53490 0.83095347766 0.006625 0.83095347766 0.00225
56947 0.824811914632 0.006225 0.822815906648 0.00195
52714 0.824811914632 0.005225 0.824351297405 0.00195
32003 0.820359281437 0.006375 0.820819898664 0.0024
30103 0.818977429756 0.004725 0.819284507907 0.002475
41167 0.811300475971 0.006775 0.811914632274 0.00245
38978 0.815599570091 0.005825 0.815138952864 0.00215
40787 0.812835866728 0.00675 0.811761093198 0.00235
58613 0.813603562107 0.00695 0.812835866728 0.002125
49221 0.82204821127 0.005625 0.821280515891 0.0021
40564 0.815138952864 0.005225 0.815138952864 0.002025
37796 0.819130968832 0.005575 0.819130968832 0.00235
70940 0.822508828497 0.007725 0.823583602027 0.001875
38168 0.813757101182 0.0057 0.812221710425 0.00265
40898 0.823890680178 0.00625 0.823737141102 0.00245
38159 0.810686319668 0.005675 0.81099339782 0.001975
38757 0.823430062951 0.00515 0.822815906648 0.002025
71405 0.816981421772 0.007625 0.817134960848 0.00265
53242 0.815292491939 0.0071 0.815446031015 0.00325
34235 0.81882389068 0.004675 0.818516812529 0.0026
56782 0.82204821127 0.0068 0.822201750345 0.001925
