286808 0.829111008752 0.167075 0.821587594043 0.2338
287717 0.837095040688 0.058225 0.838016275142 0.477
332098 0.832949485644 0.192475 0.836020267158 0.351875
156533 0.83202825119 0.081675 0.834638415477 0.44565
261650 0.825426070935 0.0721 0.830646399509 0.447425
138713 0.825886688162 0.03895 0.836480884385 0.382575
136252 0.830646399509 0.03525 0.822508828497 0.346825
103171 0.828957469676 0.02065 0.831260555811 0.577875
132330 0.839398126823 0.119775 0.826961461692 0.2958
201806 0.836020267158 0.042575 0.836634423461 0.332275
308718 0.835866728082 0.1705 0.834945493628 0.372275
239920 0.833410102871 0.0993 0.826961461692 0.360025
234794 0.837862736066 0.0377 0.840319361277 0.452675
130954 0.834791954552 0.02285 0.840319361277 0.316625
174638 0.84200829111 0.044 0.840626439429 0.1116
242734 0.817288499923 0.123475 0.834484876401 0.31335
306651 0.838016275142 0.162275 0.829111008752 0.256925
189423 0.826193766314 0.103 0.837402118839 0.306575
400363 0.838937509596 0.2227 0.84200829111 0.3626
324613 0.827422078919 0.09855 0.827422078919 0.435125
156861 0.835406110855 0.034 0.841087056656 0.45475
165455 0.83525257178 0.070225 0.83310302472 0.295675
330030 0.835099032704 0.092575 0.836173806234 0.3945
240864 0.83525257178 0.042 0.834484876401 0.25845
130390 0.838630431445 0.044 0.825579610011 0.187775
265302 0.832181790266 0.114325 0.833717181023 0.464825
194020 0.82987870413 0.104775 0.835713189007 0.23865
374589 0.825426070935 0.29545 0.830799938584 0.239475
215521 0.829111008752 0.076175 0.834945493628 0.241575
234682 0.820359281437 0.066675 0.823276523875 0.3185
