411419 0.83878397052 0.009025 0.825886688162 0.012725
484270 0.829571625979 0.013425 0.82987870413 0.01845
216913 0.831414094887 0.005575 0.828650391525 0.029525
332675 0.826040227238 0.0064 0.83310302472 0.032975
296194 0.832642407493 0.021775 0.827115000768 0.06075
631126 0.832335329341 0.012125 0.82772915707 0.012225
296599 0.836941501612 0.012175 0.833256563795 0.03205
568596 0.834331337325 0.03125 0.831567633963 0.0207
600721 0.83202825119 0.028375 0.825733149086 0.023575
666370 0.828650391525 0.030925 0.831567633963 0.008275
486787 0.834638415477 0.014725 0.832795946568 0.029925
914426 0.838476892369 0.021075 0.836020267158 0.01005
269176 0.838937509596 0.015875 0.830032243206 0.0249
423203 0.839705204975 0.012475 0.835099032704 0.0411
515870 0.841854752034 0.014225 0.839398126823 0.01145
511954 0.83878397052 0.02275 0.839705204975 0.017075
376070 0.832181790266 0.0266 0.81667434362 0.05005
647837 0.836327345309 0.025125 0.839091048672 0.0257
496868 0.832795946568 0.011775 0.828496852449 0.025625
1202951 0.838630431445 0.0255 0.836634423461 0.0165
659111 0.830032243206 0.01645 0.835866728082 0.047625
520556 0.835866728082 0.01875 0.83985874405 0.0208
818811 0.840165822202 0.02765 0.825733149086 0.048675
622188 0.831874712114 0.0309 0.831721173039 0.047975
674973 0.833870720098 0.02155 0.835559649931 0.0473
196280 0.824044219254 0.0118 0.824965453708 0.075125
463723 0.832949485644 0.016525 0.825272531859 0.032425
258257 0.830646399509 0.00595 0.832335329341 0.050825
312601 0.834024259174 0.00765 0.834945493628 0.0416
395896 0.835713189007 0.0147 0.840319361277 0.020825
