36942 0.821434054967 0.019225 0.821280515891 0.0214
52809 0.821126976816 0.020275 0.82097343774 0.0186
71238 0.813450023031 0.026325 0.813603562107 0.022375
53183 0.818516812529 0.02185 0.817595578075 0.021725
47988 0.826347305389 0.0194 0.825426070935 0.018
36572 0.823583602027 0.020775 0.824351297405 0.018625
37300 0.819130968832 0.01915 0.818977429756 0.018875
36565 0.827575617995 0.021775 0.826347305389 0.0209
32780 0.81774911715 0.020775 0.816981421772 0.0196
36288 0.818670351604 0.0199 0.818516812529 0.02115
37032 0.812375249501 0.021375 0.81206817135 0.020575
40928 0.821126976816 0.017125 0.821126976816 0.019025
33060 0.819745125134 0.019325 0.819591586059 0.01945
40225 0.81774911715 0.01685 0.818209734377 0.0187
49410 0.809150928911 0.02335 0.809150928911 0.020925
40505 0.816520804545 0.020925 0.816520804545 0.02345
48130 0.816981421772 0.020975 0.816060187318 0.01905
37329 0.823430062951 0.018925 0.8231229848 0.01765
53964 0.822815906648 0.02205 0.822815906648 0.02075
51213 0.82204821127 0.021575 0.822969445724 0.02015
50927 0.817442038999 0.021625 0.817595578075 0.017325
30815 0.81774911715 0.0151 0.817134960848 0.0185
43644 0.804851834792 0.01975 0.804698295716 0.018625
41242 0.81667434362 0.020675 0.817595578075 0.02115
47218 0.822815906648 0.01965 0.822355289421 0.017375
38013 0.812682327652 0.015125 0.812989405804 0.01895
48895 0.822201750345 0.0221 0.821894672194 0.018775
42948 0.823583602027 0.02305 0.823890680178 0.0183
31217 0.811300475971 0.019025 0.811300475971 0.01885
38212 0.817902656226 0.0216 0.817902656226 0.021675
