142874 0.81774911715 0.00165 0.818977429756 0.00125
133345 0.818977429756 0.001825 0.820666359589 0.00155
95955 0.820666359589 0.001425 0.821894672194 0.001525
129393 0.82097343774 0.001275 0.81989866421 0.00115
125254 0.820512820513 0.002025 0.821126976816 0.001575
135780 0.815446031015 0.001675 0.815599570091 0.00115
143004 0.818977429756 0.001725 0.818056195302 0.00145
103600 0.813603562107 0.00135 0.813142944879 0.001225
138986 0.815138952864 0.001425 0.816213726393 0.00135
91088 0.81882389068 0.0021 0.818056195302 0.0009
130148 0.813296483955 0.001725 0.815138952864 0.0017
108051 0.821434054967 0.00185 0.821587594043 0.00125
166387 0.822969445724 0.001725 0.823430062951 0.0015
120679 0.809304467987 0.0016 0.809150928911 0.001075
121290 0.815753109166 0.001625 0.815138952864 0.00145
133987 0.817134960848 0.001775 0.817442038999 0.001475
147345 0.814678335636 0.0017 0.814371257485 0.001175
125222 0.81099339782 0.00125 0.810686319668 0.001525
120306 0.812528788577 0.002075 0.813296483955 0.001275
142728 0.822662367573 0.0016 0.822508828497 0.00165
133690 0.824811914632 0.0016 0.823583602027 0.0012
125422 0.826347305389 0.001725 0.8288039306 0.001025
140089 0.825272531859 0.001975 0.824351297405 0.0018
131244 0.812989405804 0.001475 0.812528788577 0.001225
130319 0.818516812529 0.00155 0.819284507907 0.00175
111104 0.828496852449 0.00155 0.828496852449 0.00165
109282 0.813757101182 0.001875 0.813142944879 0.00115
142935 0.81882389068 0.0018 0.818670351604 0.0012
89804 0.822355289421 0.00145 0.822662367573 0.0016
125362 0.816213726393 0.0016 0.815599570091 0.001175
