247754 0.73 0.206275 0.725 0.09055
35204 0.73 0.05105 0.725 0.17855
54841 0.775 0.077975 0.77 0.21235
182785 0.795 0.126575 0.79 0.147925
169806 0.8 0.105325 0.8 0.13095
49101 0.805 0.05795 0.765 0.1929
53632 0.775 0.07975 0.775 0.213
160633 0.85 0.155 0.84 0.16575
67912 0.785 0.070525 0.775 0.189475
84119 0.78 0.105075 0.765 0.16105
131425 0.755 0.11305 0.755 0.2029
148483 0.8 0.128825 0.785 0.149175
98365 0.79 0.11805 0.775 0.128575
109047 0.705 0.121575 0.68 0.1015
121032 0.79 0.099925 0.78 0.1885
169074 0.78 0.137825 0.76 0.060025
152298 0.72 0.12145 0.71 0.0988
174108 0.775 0.147875 0.775 0.18385
136631 0.76 0.114625 0.75 0.113225
157005 0.8 0.1367 0.795 0.1043
43556 0.755 0.048475 0.75 0.30815
139896 0.81 0.114425 0.825 0.2003
142044 0.75 0.11345 0.725 0.093025
265316 0.805 0.209225 0.785 0.1113
236344 0.8 0.18455 0.78 0.1894
161966 0.765 0.123475 0.74 0.05445
251786 0.81 0.15985 0.785 0.153375
123556 0.805 0.089675 0.775 0.18395
200060 0.77 0.18855 0.76 0.132125
134555 0.78 0.097325 0.775 0.160075
