166989 0.897379188322 0.114175 0.896936857238 0.09985
89908 0.905009399536 0.091325 0.905783478934 0.10405
185776 0.893619374102 0.1282 0.893840539644 0.083825
101092 0.893066460245 0.068925 0.894835784585 0.05895
166202 0.893840539644 0.128175 0.891518301449 0.147425
85547 0.899590843747 0.06735 0.899701426518 0.094125
145455 0.894172287958 0.1006 0.895499281212 0.08395
214290 0.895167532898 0.1361 0.893619374102 0.1696
153665 0.897932102178 0.1053 0.896052195068 0.1032
348596 0.892845294703 0.2247 0.891407718677 0.078375
137542 0.898927347119 0.110225 0.89715802278 0.08855
118700 0.890965387593 0.0819 0.891739466991 0.104775
115079 0.893177043017 0.096325 0.891960632533 0.08615
226271 0.898263850492 0.163775 0.895831029526 0.085225
123862 0.895941612297 0.09475 0.895167532898 0.093875
104120 0.899148512662 0.0929 0.897932102178 0.1185
53063 0.890965387593 0.047 0.89074422205 0.1808
103247 0.899480260975 0.092525 0.899259095433 0.124825
112300 0.897379188322 0.07175 0.896605108924 0.105375
100544 0.895499281212 0.084275 0.895941612297 0.0621
71818 0.893729956873 0.0651 0.892624129161 0.0873
95141 0.898485016035 0.080375 0.897710936636 0.14585
122616 0.894614619042 0.106275 0.893398208559 0.0944
167020 0.894282870729 0.117475 0.8943934535 0.120575
69032 0.894946367356 0.0543 0.895388698441 0.090975
75337 0.900696671459 0.06495 0.900143757603 0.0811
78315 0.894504036271 0.076275 0.895388698441 0.10975
86755 0.894172287958 0.0637 0.895167532898 0.129275
172027 0.89627336061 0.127675 0.896383943382 0.110575
76618 0.896383943382 0.06825 0.893840539644 0.07785
