58501 0.846768002457 0.057 0.846768002457 0.009525
29004 0.839551665899 0.037875 0.840012283126 0.057325
14464 0.837248579764 0.013075 0.840779978505 0.07765
92819 0.848456932289 0.0682 0.838169814218 0.01735
104552 0.839091048672 0.091425 0.839398126823 0.04265
46362 0.844925533548 0.02185 0.836941501612 0.019775
46863 0.837555657915 0.04855 0.837095040688 0.054225
10568 0.840165822202 0.002225 0.840319361277 0.0065
3670 0.844311377246 0.006725 0.844618455397 0.015775
24456 0.840779978505 0.0157 0.841547673883 0.001525
43367 0.834331337325 0.020475 0.840165822202 0.076325
48499 0.822969445724 0.04645 0.822969445724 0.02935
21920 0.840319361277 0.032025 0.836480884385 0.004075
77085 0.832181790266 0.058025 0.832795946568 0.0
94108 0.832488868417 0.07785 0.828957469676 0.00945
85856 0.836480884385 0.067125 0.839551665899 0.010425
16970 0.841087056656 0.032325 0.845079072624 0.011975
176434 0.841087056656 0.12905 0.831107016736 0.01215
101617 0.83525257178 0.067275 0.837402118839 0.005075
70303 0.827882696146 0.06845 0.829264547827 0.014425
91367 0.840319361277 0.070875 0.836480884385 0.0
33801 0.841701212959 0.034025 0.840012283126 0.009475
24093 0.84415783817 0.0192 0.838169814218 0.020075
36532 0.846921541532 0.01855 0.848149854138 0.002575
134317 0.83878397052 0.089 0.83310302472 0.005425
