411419 0.83878397052 0.009025 0.83310302472 0.00335
484270 0.829571625979 0.013425 0.82987870413 0.0088
216913 0.831414094887 0.005575 0.836634423461 0.004325
332675 0.826040227238 0.0064 0.831567633963 0.0052
296194 0.832642407493 0.021775 0.82097343774 0.029025
631126 0.832335329341 0.012125 0.834331337325 0.003675
296599 0.836941501612 0.012175 0.831874712114 0.0133
568596 0.834331337325 0.03125 0.837862736066 0.008975
600721 0.83202825119 0.028375 0.82204821127 0.0114
666370 0.828650391525 0.030925 0.827115000768 0.017525
486787 0.834638415477 0.014725 0.830646399509 0.0113
914426 0.838476892369 0.021075 0.829111008752 0.01005
269176 0.838937509596 0.015875 0.827115000768 0.012375
423203 0.839705204975 0.012475 0.837555657915 0.00505
515870 0.841854752034 0.014225 0.840012283126 0.0089
511954 0.83878397052 0.02275 0.838476892369 0.00925
376070 0.832181790266 0.0266 0.833256563795 0.01435
647837 0.836327345309 0.025125 0.828189774298 0.01175
496868 0.832795946568 0.011775 0.830799938584 0.0104
1202951 0.838630431445 0.0255 0.838323353293 0.01035
659111 0.830032243206 0.01645 0.831567633963 0.007175
520556 0.835866728082 0.01875 0.837095040688 0.00945
818811 0.840165822202 0.02765 0.828036235222 0.0123
622188 0.831874712114 0.0309 0.830492860433 0.00675
674973 0.833870720098 0.02155 0.833256563795 0.00845
196280 0.824044219254 0.0118 0.825426070935 0.005875
463723 0.832949485644 0.016525 0.829111008752 0.010375
258257 0.830646399509 0.00595 0.816827882696 0.0037
312601 0.834024259174 0.00765 0.830339321357 0.011725
395896 0.835713189007 0.0147 0.833870720098 0.016125
