374690 0.832335329341 0.32505 0.841087056656 0.2018
96163 0.840012283126 0.0495 0.838016275142 0.12795
184339 0.841547673883 0.093975 0.844311377246 0.26165
544522 0.84200829111 0.41205 0.841394134807 0.265325
329372 0.843850760018 0.213425 0.830492860433 0.305775
223430 0.841547673883 0.2081 0.848917549516 0.2543
334903 0.836787962536 0.242225 0.836787962536 0.180075
179734 0.837709196991 0.152325 0.846153846154 0.27975
299607 0.841240595732 0.21325 0.842622447413 0.209125
330191 0.849378166743 0.25915 0.845693228927 0.189575
318699 0.83417779825 0.283225 0.841240595732 0.2319
233065 0.839091048672 0.169325 0.842468908337 0.195275
263309 0.830032243206 0.155975 0.828496852449 0.266775
552173 0.847842775986 0.37045 0.842161830186 0.23065
368206 0.836941501612 0.357625 0.837248579764 0.239
316753 0.837862736066 0.335625 0.835406110855 0.208425
162282 0.830646399509 0.1184 0.832795946568 0.09305
205285 0.831874712114 0.174625 0.838476892369 0.2305
284347 0.838476892369 0.2206 0.84093351758 0.160775
286489 0.843543681867 0.251175 0.845386150775 0.187525
342832 0.842468908337 0.22055 0.838630431445 0.2124
839556 0.831567633963 0.6232 0.833870720098 0.234075
415340 0.831567633963 0.281425 0.830185782282 0.220375
217276 0.827575617995 0.174125 0.827115000768 0.233625
295465 0.841854752034 0.25005 0.84093351758 0.23415
433420 0.842775986489 0.30455 0.836327345309 0.25035
270395 0.832795946568 0.24885 0.838476892369 0.22125
452739 0.826807922616 0.35295 0.834331337325 0.202
430763 0.84093351758 0.291075 0.837709196991 0.1411
94978 0.83417779825 0.048775 0.839091048672 0.282675
