36942 0.821434054967 0.019225 0.82204821127 0.012125
52809 0.821126976816 0.020275 0.819591586059 0.009725
71238 0.813450023031 0.026325 0.812682327652 0.013
53183 0.818516812529 0.02185 0.818977429756 0.01085
47988 0.826347305389 0.0194 0.826347305389 0.012
36572 0.823583602027 0.020775 0.824504836481 0.01205
37300 0.819130968832 0.01915 0.817442038999 0.01395
36565 0.827575617995 0.021775 0.827882696146 0.01265
32780 0.81774911715 0.020775 0.818056195302 0.0117
36288 0.818670351604 0.0199 0.816827882696 0.014375
37032 0.812375249501 0.021375 0.813296483955 0.013725
40928 0.821126976816 0.017125 0.821126976816 0.011
33060 0.819745125134 0.019325 0.819130968832 0.0131
40225 0.81774911715 0.01685 0.817134960848 0.0148
49410 0.809150928911 0.02335 0.809458007063 0.013425
40505 0.816520804545 0.020925 0.815599570091 0.015225
48130 0.816981421772 0.020975 0.815906648242 0.011875
37329 0.823430062951 0.018925 0.823430062951 0.012125
53964 0.822815906648 0.02205 0.822355289421 0.012
51213 0.82204821127 0.021575 0.8231229848 0.01235
50927 0.817442038999 0.021625 0.816213726393 0.0124
30815 0.81774911715 0.0151 0.818056195302 0.011825
43644 0.804851834792 0.01975 0.805926608322 0.015575
41242 0.81667434362 0.020675 0.816367265469 0.01175
47218 0.822815906648 0.01965 0.822201750345 0.012
38013 0.812682327652 0.015125 0.813910640258 0.01305
48895 0.822201750345 0.0221 0.822355289421 0.012725
42948 0.823583602027 0.02305 0.824044219254 0.01205
31217 0.811300475971 0.019025 0.811146936895 0.012425
38212 0.817902656226 0.0216 0.81774911715 0.01405
