247754 0.73 0.206275 0.725 0.129925
35204 0.73 0.05105 0.72 0.043825
54841 0.775 0.077975 0.76 0.05055
182785 0.795 0.126575 0.795 0.04875
169806 0.8 0.105325 0.795 0.095975
49101 0.805 0.05795 0.795 0.04245
53632 0.775 0.07975 0.78 0.063125
160633 0.85 0.155 0.845 0.075125
67912 0.785 0.070525 0.785 0.029275
84119 0.78 0.105075 0.775 0.053775
131425 0.755 0.11305 0.755 0.0544
148483 0.8 0.128825 0.79 0.0592
98365 0.79 0.11805 0.8 0.039975
109047 0.705 0.121575 0.7 0.049675
121032 0.79 0.099925 0.78 0.05845
169074 0.78 0.137825 0.785 0.122975
152298 0.72 0.12145 0.71 0.06025
174108 0.775 0.147875 0.765 0.0813
136631 0.76 0.114625 0.755 0.053725
157005 0.8 0.1367 0.8 0.070425
43556 0.755 0.048475 0.75 0.03705
139896 0.81 0.114425 0.815 0.060725
142044 0.75 0.11345 0.75 0.0599
265316 0.805 0.209225 0.775 0.07985
236344 0.8 0.18455 0.8 0.072425
161966 0.765 0.123475 0.77 0.07965
251786 0.81 0.15985 0.8 0.077125
123556 0.805 0.089675 0.795 0.0986
200060 0.77 0.18855 0.775 0.092275
134555 0.78 0.097325 0.78 0.04505
