414999 0.832949485644 0.014375 0.829418086903 0.01745 3.72855298566 
544654 0.825272531859 0.012199999999999999 0.832181790266 0.0055000000000000005 3.99222399668 
440769 0.83095347766 0.013300000000000001 0.825733149086 0.0063999999999999994 4.03037078703 
263760 0.842929525564 0.0121 0.835866728082 0.015224999999999999 4.00441195566 
1145557 0.830185782282 0.04682500000000001 0.824504836481 0.018075 4.03848037537 
408438 0.838169814218 0.02105 0.831721173039 0.00845 3.77995740527 
864454 0.830646399509 0.01985 0.822355289421 0.004075 3.7859431008 
314876 0.840779978505 0.008275000000000001 0.840319361277 0.0069500000000000004 3.94671234449 
384662 0.83525257178 0.016125 0.839705204975 0.009500000000000001 3.89636020832 
623879 0.834331337325 0.035750000000000004 0.833410102871 0.02 4.09491510785 
278237 0.844464916321 0.0075499999999999986 0.834484876401 0.003775 3.75757302551 
260853 0.836787962536 0.023125 0.834484876401 0.017975 3.96513626216 
271688 0.833256563795 0.00785 0.826807922616 0.006875 5.67703082298 
500018 0.836787962536 0.0178 0.828036235222 0.005024999999999999 3.95362094568 
488613 0.842315369261 0.009325 0.837248579764 0.003125 3.98452283873 
496676 0.829571625979 0.019450000000000002 0.829725165055 0.009099999999999999 3.93070529643 
671786 0.83095347766 0.036699999999999997 0.835099032704 0.010700000000000001 4.02670718482 
390016 0.831874712114 0.025675 0.824965453708 0.027424999999999998 4.04389360604 
574311 0.820819898664 0.015149999999999999 0.824811914632 0.011675 3.87540351406 
803798 0.837555657915 0.038825000000000005 0.836634423461 0.0060999999999999995 3.98141652159 
531054 0.838323353293 0.0403 0.835866728082 0.006000000000000001 3.93187380912 
714548 0.837709196991 0.025025000000000006 0.829571625979 0.00565 4.04890510211 
528022 0.833717181023 0.014650000000000002 0.834945493628 0.003275 4.03701494486 
348146 0.827882696146 0.00815 0.824044219254 0.010875 4.00070495881 
385962 0.831414094887 0.012199999999999999 0.831567633963 0.009725 3.89528115655 
553769 0.83878397052 0.018525 0.815138952864 0.003125 4.03664345093 
481648 0.830492860433 0.015625 0.839398126823 0.006274999999999999 3.90021410604 
626740 0.829111008752 0.01875 0.833870720098 0.0031000000000000003 3.96173664468 
553810 0.838016275142 0.02305 0.836327345309 0.01065 3.8506754117 
647056 0.840779978505 0.020825000000000003 0.836480884385 0.0036750000000000003 3.96345944504 
