100837 0.845386150775 0.004475 0.827115000768 0.010925
98637 0.844311377246 0.01005 0.845386150775 0.009125
132117 0.82987870413 0.0112 0.830339321357 0.007275
78223 0.834791954552 0.003875 0.834484876401 0.0107
69910 0.815753109166 0.003625 0.826347305389 0.0094
129139 0.835406110855 0.006275 0.83310302472 0.0085
103519 0.843390142791 0.01 0.839705204975 0.025725
104493 0.832181790266 0.006825 0.833563641947 0.0072
155383 0.834791954552 0.01355 0.833870720098 0.00945
89423 0.837555657915 0.00395 0.838323353293 0.008625
107119 0.833410102871 0.005475 0.828650391525 0.008575
92452 0.825733149086 0.004725 0.81989866421 0.005175
98041 0.826500844465 0.0048 0.832181790266 0.01715
96965 0.833717181023 0.00705 0.822355289421 0.00875
118037 0.824811914632 0.01225 0.823430062951 0.011925
113468 0.836480884385 0.009825 0.834638415477 0.01585
139160 0.831260555811 0.00785 0.824197758329 0.0123
127457 0.832949485644 0.012975 0.838630431445 0.00865
112913 0.841394134807 0.013975 0.838476892369 0.009825
92679 0.837402118839 0.017775 0.820666359589 0.01735
169755 0.831721173039 0.012575 0.825272531859 0.012875
108643 0.827115000768 0.008925 0.836480884385 0.01185
97539 0.839705204975 0.00565 0.840012283126 0.009425
147586 0.835099032704 0.020425 0.833256563795 0.0175
76259 0.839398126823 0.0051 0.835713189007 0.00965
144674 0.836020267158 0.011275 0.832335329341 0.011175
119996 0.84093351758 0.007525 0.830492860433 0.007575
90600 0.83310302472 0.00445 0.835099032704 0.005125
126498 0.836941501612 0.00905 0.837862736066 0.049575
102402 0.832335329341 0.008625 0.83525257178 0.020975
