374690 0.832335329341 0.32505 0.845079072624 0.33005
96163 0.840012283126 0.0495 0.833410102871 0.351475
184339 0.841547673883 0.093975 0.844464916321 0.376225
544522 0.84200829111 0.41205 0.843543681867 0.363325
329372 0.843850760018 0.213425 0.839551665899 0.2866
223430 0.841547673883 0.2081 0.846614463381 0.54385
334903 0.836787962536 0.242225 0.837402118839 0.437025
179734 0.837709196991 0.152325 0.844771994473 0.3683
299607 0.841240595732 0.21325 0.844618455397 0.43575
330191 0.849378166743 0.25915 0.844925533548 0.347875
318699 0.83417779825 0.283225 0.840319361277 0.503675
233065 0.839091048672 0.169325 0.833870720098 0.340325
263309 0.830032243206 0.155975 0.829111008752 0.388275
552173 0.847842775986 0.37045 0.840319361277 0.3305
368206 0.836941501612 0.357625 0.839551665899 0.460425
316753 0.837862736066 0.335625 0.835713189007 0.216425
162282 0.830646399509 0.1184 0.831721173039 0.29485
205285 0.831874712114 0.174625 0.83878397052 0.316525
284347 0.838476892369 0.2206 0.83985874405 0.63055
286489 0.843543681867 0.251175 0.843390142791 0.328675
342832 0.842468908337 0.22055 0.841547673883 0.4781
839556 0.831567633963 0.6232 0.843236603716 0.4264
415340 0.831567633963 0.281425 0.829418086903 0.36765
217276 0.827575617995 0.174125 0.828957469676 0.37785
295465 0.841854752034 0.25005 0.839091048672 0.36075
433420 0.842775986489 0.30455 0.842161830186 0.52105
270395 0.832795946568 0.24885 0.83095347766 0.41145
452739 0.826807922616 0.35295 0.836941501612 0.236725
430763 0.84093351758 0.291075 0.836480884385 0.389275
94978 0.83417779825 0.048775 0.832335329341 0.52395
