41415 0.831260555811 0.00575 0.830799938584 0.00675
43931 0.824965453708 0.00655 0.825886688162 0.0077
40954 0.822355289421 0.00655 0.822508828497 0.006275
48406 0.811300475971 0.006425 0.811607554123 0.008075
31384 0.820666359589 0.0055 0.821587594043 0.0056
44399 0.814217718409 0.00635 0.814985413788 0.005825
49594 0.814831874712 0.007125 0.814831874712 0.00835
34201 0.807615538154 0.00505 0.807461999079 0.00685
30321 0.81099339782 0.006075 0.811146936895 0.0086
53490 0.83095347766 0.006625 0.831874712114 0.004725
56947 0.824811914632 0.006225 0.8231229848 0.009075
52714 0.824811914632 0.005225 0.824658375557 0.003175
32003 0.820359281437 0.006375 0.820359281437 0.007325
30103 0.818977429756 0.004725 0.818363273453 0.0058
41167 0.811300475971 0.006775 0.81206817135 0.00765
38978 0.815599570091 0.005825 0.815138952864 0.0059
40787 0.812835866728 0.00675 0.812989405804 0.006825
58613 0.813603562107 0.00695 0.814064179334 0.007175
49221 0.82204821127 0.005625 0.821434054967 0.00635
40564 0.815138952864 0.005225 0.815906648242 0.0063
37796 0.819130968832 0.005575 0.81882389068 0.007175
70940 0.822508828497 0.007725 0.822508828497 0.008475
38168 0.813757101182 0.0057 0.813910640258 0.0063
40898 0.823890680178 0.00625 0.824504836481 0.006525
38159 0.810686319668 0.005675 0.810839858744 0.00385
38757 0.823430062951 0.00515 0.822815906648 0.0053
71405 0.816981421772 0.007625 0.817288499923 0.0085
53242 0.815292491939 0.0071 0.814985413788 0.004775
34235 0.81882389068 0.004675 0.818977429756 0.005125
56782 0.82204821127 0.0068 0.822969445724 0.006475
