58501 0.846768002457 0.057 0.847075080608 0.160825
29004 0.839551665899 0.037875 0.839091048672 0.161425
14464 0.837248579764 0.013075 0.834791954552 0.01965
92819 0.848456932289 0.0682 0.838016275142 0.180725
104552 0.839091048672 0.091425 0.836020267158 0.0786
46362 0.844925533548 0.02185 0.837402118839 0.018625
46863 0.837555657915 0.04855 0.84093351758 0.131625
10568 0.840165822202 0.002225 0.837709196991 0.08375
3670 0.844311377246 0.006725 0.840626439429 0.009175
24456 0.840779978505 0.0157 0.828036235222 0.12525
43367 0.834331337325 0.020475 0.836787962536 0.0666
48499 0.822969445724 0.04645 0.823276523875 0.221925
21920 0.840319361277 0.032025 0.833870720098 0.15075
77085 0.832181790266 0.058025 0.833563641947 0.07115
94108 0.832488868417 0.07785 0.828957469676 0.0016
85856 0.836480884385 0.067125 0.838630431445 0.1622
16970 0.841087056656 0.032325 0.843543681867 0.150925
176434 0.841087056656 0.12905 0.831414094887 0.0994
101617 0.83525257178 0.067275 0.83310302472 0.1362
70303 0.827882696146 0.06845 0.830492860433 0.052075
91367 0.840319361277 0.070875 0.837709196991 0.225375
33801 0.841701212959 0.034025 0.840165822202 0.2206
24093 0.84415783817 0.0192 0.84415783817 0.066975
36532 0.846921541532 0.01855 0.846153846154 0.030025
134317 0.83878397052 0.089 0.84093351758 0.150825
