19322 0.844771994473 0.017775 0.846768002457 0.286375
188334 0.837095040688 0.1668 0.839244587748 0.312975
50296 0.84200829111 0.042325 0.84200829111 0.243675
122605 0.836941501612 0.080375 0.830185782282 0.1873
69749 0.838937509596 0.0555 0.826807922616 0.178975
6607 0.84200829111 0.011375 0.83095347766 0.089075
52512 0.834791954552 0.052975 0.838937509596 0.364875
41107 0.836787962536 0.0197 0.839091048672 0.00075
137646 0.832949485644 0.1033 0.841701212959 0.2428
66004 0.837248579764 0.046675 0.832795946568 0.237625
141622 0.842622447413 0.12095 0.842775986489 0.3858
146062 0.846460924305 0.13595 0.847996315062 0.247525
94850 0.8288039306 0.077725 0.83095347766 0.319
10344 0.840012283126 0.003125 0.834945493628 0.064125
11232 0.831107016736 0.005425 0.832335329341 0.1188
26531 0.84093351758 0.029 0.836020267158 0.21965
80007 0.844771994473 0.04415 0.84308306464 0.435925
35239 0.840319361277 0.0365 0.833870720098 0.3414
64124 0.842929525564 0.04375 0.83202825119 0.206825
3599 0.849531705819 0.00505 0.845386150775 0.00675
44207 0.839705204975 0.060425 0.831414094887 0.33425
41813 0.832181790266 0.054275 0.833256563795 0.405825
17298 0.835099032704 0.008975 0.832642407493 0.163775
33151 0.841701212959 0.021625 0.837248579764 0.379025
61024 0.849378166743 0.054725 0.85198833103 0.280725
42565 0.84093351758 0.0354 0.844925533548 0.3144
71899 0.847382158759 0.068225 0.840319361277 0.273975
44791 0.835406110855 0.026425 0.832181790266 0.00195
160157 0.830646399509 0.1102 0.832488868417 0.2499
95904 0.842775986489 0.116525 0.842315369261 0.36225
