80989 0.74 0.080325 0.775 0.0757
159336 0.66 0.152375 0.665 0.11475
85188 0.71 0.11 0.73 0.003975
15749 0.71 0.028725 0.685 0.028025
145096 0.73 0.131225 0.73 0.121575
27426 0.675 0.034875 0.63 0.006675
110766 0.77 0.136525 0.76 0.103275
63410 0.705 0.07565 0.75 0.019825
22418 0.815 0.031875 0.79 0.028375
128533 0.74 0.152425 0.73 0.03085
12905 0.68 0.022225 0.695 0.0036
68954 0.745 0.08045 0.755 0.095925
10355 0.705 0.01005 0.705 0.0306
91426 0.835 0.0927 0.815 0.0705
12595 0.745 0.018875 0.77 0.037
47079 0.775 0.050425 0.725 0.105725
78484 0.735 0.0848 0.735 0.018175
154015 0.78 0.12795 0.77 0.0394
57594 0.755 0.08675 0.72 0.010175
176533 0.715 0.157575 0.7 0.0987
119944 0.725 0.123225 0.72 0.163675
90226 0.79 0.103375 0.775 0.1033
41692 0.735 0.068475 0.765 0.07735
235201 0.77 0.17725 0.76 0.0881
133343 0.7 0.147275 0.69 0.101425
122739 0.745 0.127925 0.75 0.125925
106961 0.74 0.1278 0.745 0.03575
60504 0.735 0.089625 0.75 0.1081
90654 0.755 0.07835 0.735 0.0774
151529 0.735 0.14655 0.735 0.139575
