11038 0.67 0.012675 0.66 0.022
29479 0.715 0.013075 0.72 0.011725
43378 0.675 0.023775 0.685 0.01605
32485 0.74 0.021075 0.745 0.028675
48024 0.755 0.022575 0.745 0.0103
56937 0.685 0.03775 0.68 0.040225
59755 0.705 0.022525 0.71 0.008375
24413 0.68 0.016025 0.695 0.0189
21828 0.755 0.0174 0.755 0.02575
42481 0.7 0.030675 0.695 0.016325
12236 0.72 0.014575 0.725 0.0134
33312 0.645 0.018325 0.65 0.021325
14626 0.67 0.01815 0.665 0.032325
41269 0.725 0.029675 0.725 0.0216
8391 0.72 0.014525 0.735 0.018875
26276 0.73 0.0167 0.745 0.0131
11461 0.745 0.01785 0.745 0.0197
22819 0.735 0.019525 0.74 0.0258
10397 0.72 0.013475 0.715 0.0219
16793 0.72 0.023025 0.705 0.01715
8320 0.745 0.01065 0.745 0.010625
21182 0.735 0.0142 0.72 0.016675
19801 0.71 0.012975 0.72 0.0158
37665 0.705 0.019075 0.715 0.009975
28278 0.69 0.023425 0.685 0.024075
19026 0.75 0.015775 0.74 0.018175
32397 0.655 0.018325 0.665 0.016075
33989 0.695 0.0183 0.695 0.01
21294 0.745 0.017575 0.74 0.020325
33365 0.74 0.01845 0.745 0.01905
