247754 0.73 0.206275 0.735 0.131725
35204 0.73 0.05105 0.74 0.098675
54841 0.775 0.077975 0.755 0.032575
182785 0.795 0.126575 0.8 0.087725
169806 0.8 0.105325 0.795 0.187
49101 0.805 0.05795 0.79 0.048075
53632 0.775 0.07975 0.78 0.056825
160633 0.85 0.155 0.85 0.066675
67912 0.785 0.070525 0.8 0.069625
84119 0.78 0.105075 0.77 0.065175
131425 0.755 0.11305 0.76 0.1263
148483 0.8 0.128825 0.8 0.174175
98365 0.79 0.11805 0.805 0.069425
109047 0.705 0.121575 0.71 0.0836
121032 0.79 0.099925 0.785 0.121425
169074 0.78 0.137825 0.765 0.1417
152298 0.72 0.12145 0.705 0.12105
174108 0.775 0.147875 0.77 0.048275
136631 0.76 0.114625 0.75 0.03055
157005 0.8 0.1367 0.805 0.0487
43556 0.755 0.048475 0.745 0.041725
139896 0.81 0.114425 0.805 0.0583
142044 0.75 0.11345 0.74 0.118875
265316 0.805 0.209225 0.805 0.181525
236344 0.8 0.18455 0.79 0.1626
161966 0.765 0.123475 0.755 0.1023
251786 0.81 0.15985 0.79 0.133925
123556 0.805 0.089675 0.785 0.108425
200060 0.77 0.18855 0.775 0.07655
134555 0.78 0.097325 0.76 0.106775
